Subject,Sent Wavelength,Intensity
dandelion_young_healthy,800.0,9745.0
