Subject,Subtype,Healthy,Sent Wavelength,Returned Wavelength,Returned Intensity
autumn_leaf,mature,no,800.000000,1233.788940,2797.000000
autumn_leaf,mature,no,800.000000,1233.463989,2794.000000
autumn_leaf,mature,no,800.000000,1233.139038,2766.000000
autumn_leaf,mature,no,800.000000,1232.813965,2777.000000
autumn_leaf,mature,no,800.000000,1232.489014,2830.000000
autumn_leaf,mature,no,800.000000,1232.163940,2781.000000
autumn_leaf,mature,no,800.000000,1231.839966,2806.000000
autumn_leaf,mature,no,800.000000,1231.515015,2748.000000
autumn_leaf,mature,no,800.000000,1231.189941,2730.000000
autumn_leaf,mature,no,800.000000,1230.864990,2729.000000
autumn_leaf,mature,no,800.000000,1230.540039,2705.000000
autumn_leaf,mature,no,800.000000,1230.214966,2753.000000
autumn_leaf,mature,no,800.000000,1229.890015,2830.000000
autumn_leaf,mature,no,800.000000,1229.564941,2828.000000
autumn_leaf,mature,no,800.000000,1229.239990,2781.000000
autumn_leaf,mature,no,800.000000,1228.916016,2737.000000
autumn_leaf,mature,no,800.000000,1228.590942,2779.000000
autumn_leaf,mature,no,800.000000,1228.265991,2780.000000
autumn_leaf,mature,no,800.000000,1227.941040,2786.000000
autumn_leaf,mature,no,800.000000,1227.615967,2784.000000
autumn_leaf,mature,no,800.000000,1227.291016,2777.000000
autumn_leaf,mature,no,800.000000,1226.965942,2747.000000
autumn_leaf,mature,no,800.000000,1226.640991,2782.000000
autumn_leaf,mature,no,800.000000,1226.317017,2804.000000
autumn_leaf,mature,no,800.000000,1225.991943,2767.000000
autumn_leaf,mature,no,800.000000,1225.666992,2789.000000
autumn_leaf,mature,no,800.000000,1225.342041,2784.000000
autumn_leaf,mature,no,800.000000,1225.016968,2735.000000
autumn_leaf,mature,no,800.000000,1224.692017,2736.000000
autumn_leaf,mature,no,800.000000,1224.366943,2775.000000
autumn_leaf,mature,no,800.000000,1224.041992,2767.000000
autumn_leaf,mature,no,800.000000,1223.717041,2812.000000
autumn_leaf,mature,no,800.000000,1223.392944,2811.000000
autumn_leaf,mature,no,800.000000,1223.067993,2831.000000
autumn_leaf,mature,no,800.000000,1222.743042,2774.000000
autumn_leaf,mature,no,800.000000,1222.417969,2801.000000
autumn_leaf,mature,no,800.000000,1222.093018,2789.000000
autumn_leaf,mature,no,800.000000,1221.767944,2782.000000
autumn_leaf,mature,no,800.000000,1221.442993,2720.000000
autumn_leaf,mature,no,800.000000,1221.118042,2726.000000
autumn_leaf,mature,no,800.000000,1220.793945,2776.000000
autumn_leaf,mature,no,800.000000,1220.468994,2753.000000
autumn_leaf,mature,no,800.000000,1220.144043,2795.000000
autumn_leaf,mature,no,800.000000,1219.818970,2793.000000
autumn_leaf,mature,no,800.000000,1219.494019,2769.000000
autumn_leaf,mature,no,800.000000,1219.168945,2775.000000
autumn_leaf,mature,no,800.000000,1218.843994,2777.000000
autumn_leaf,mature,no,800.000000,1218.519043,2801.000000
autumn_leaf,mature,no,800.000000,1218.193970,2778.000000
autumn_leaf,mature,no,800.000000,1217.869995,2744.000000
autumn_leaf,mature,no,800.000000,1217.545044,2799.000000
autumn_leaf,mature,no,800.000000,1217.219971,2811.000000
autumn_leaf,mature,no,800.000000,1216.895020,2810.000000
autumn_leaf,mature,no,800.000000,1216.569946,2835.000000
autumn_leaf,mature,no,800.000000,1216.244995,2799.000000
autumn_leaf,mature,no,800.000000,1215.920044,2741.000000
autumn_leaf,mature,no,800.000000,1215.594971,2754.000000
autumn_leaf,mature,no,800.000000,1215.270996,2793.000000
autumn_leaf,mature,no,800.000000,1214.946045,2804.000000
autumn_leaf,mature,no,800.000000,1214.620972,2747.000000
autumn_leaf,mature,no,800.000000,1214.296021,2737.000000
autumn_leaf,mature,no,800.000000,1213.970947,2771.000000
autumn_leaf,mature,no,800.000000,1213.645996,2785.000000
autumn_leaf,mature,no,800.000000,1213.321045,2796.000000
autumn_leaf,mature,no,800.000000,1212.995972,2796.000000
autumn_leaf,mature,no,800.000000,1212.671021,2797.000000
autumn_leaf,mature,no,800.000000,1212.347046,2780.000000
autumn_leaf,mature,no,800.000000,1212.021973,2773.000000
autumn_leaf,mature,no,800.000000,1211.697021,2768.000000
autumn_leaf,mature,no,800.000000,1211.371948,2753.000000
autumn_leaf,mature,no,800.000000,1211.046997,2799.000000
autumn_leaf,mature,no,800.000000,1210.722046,2774.000000
autumn_leaf,mature,no,800.000000,1210.396973,2745.000000
autumn_leaf,mature,no,800.000000,1210.072021,2777.000000
autumn_leaf,mature,no,800.000000,1209.746948,2779.000000
autumn_leaf,mature,no,800.000000,1209.422974,2776.000000
autumn_leaf,mature,no,800.000000,1209.098022,2738.000000
autumn_leaf,mature,no,800.000000,1208.772949,2696.000000
autumn_leaf,mature,no,800.000000,1208.447998,2699.000000
autumn_leaf,mature,no,800.000000,1208.123047,2801.000000
autumn_leaf,mature,no,800.000000,1207.797974,2756.000000
autumn_leaf,mature,no,800.000000,1207.473022,2805.000000
autumn_leaf,mature,no,800.000000,1207.147949,2816.000000
autumn_leaf,mature,no,800.000000,1206.823975,2807.000000
autumn_leaf,mature,no,800.000000,1206.499023,2767.000000
autumn_leaf,mature,no,800.000000,1206.173950,2758.000000
autumn_leaf,mature,no,800.000000,1205.848999,2737.000000
autumn_leaf,mature,no,800.000000,1205.524048,2788.000000
autumn_leaf,mature,no,800.000000,1205.198975,2764.000000
autumn_leaf,mature,no,800.000000,1204.874023,2797.000000
autumn_leaf,mature,no,800.000000,1204.548950,2800.000000
autumn_leaf,mature,no,800.000000,1204.223999,2759.000000
autumn_leaf,mature,no,800.000000,1203.900024,2757.000000
autumn_leaf,mature,no,800.000000,1203.574951,2754.000000
autumn_leaf,mature,no,800.000000,1203.250000,2770.000000
autumn_leaf,mature,no,800.000000,1202.925049,2769.000000
autumn_leaf,mature,no,800.000000,1202.599976,2785.000000
autumn_leaf,mature,no,800.000000,1202.275024,2734.000000
autumn_leaf,mature,no,800.000000,1201.949951,2777.000000
autumn_leaf,mature,no,800.000000,1201.625000,2786.000000
autumn_leaf,mature,no,800.000000,1201.301025,2792.000000
autumn_leaf,mature,no,800.000000,1200.975952,2804.000000
autumn_leaf,mature,no,800.000000,1200.651001,2758.000000
autumn_leaf,mature,no,800.000000,1200.326050,2734.000000
autumn_leaf,mature,no,800.000000,1200.000977,2734.000000
autumn_leaf,mature,no,800.000000,1199.676025,2773.000000
autumn_leaf,mature,no,800.000000,1199.350952,2762.000000
autumn_leaf,mature,no,800.000000,1199.026001,2760.000000
autumn_leaf,mature,no,800.000000,1198.701050,2773.000000
autumn_leaf,mature,no,800.000000,1198.376953,2794.000000
autumn_leaf,mature,no,800.000000,1198.052002,2814.000000
autumn_leaf,mature,no,800.000000,1197.727051,2788.000000
autumn_leaf,mature,no,800.000000,1197.401978,2807.000000
autumn_leaf,mature,no,800.000000,1197.077026,2770.000000
autumn_leaf,mature,no,800.000000,1196.751953,2794.000000
autumn_leaf,mature,no,800.000000,1196.427002,2772.000000
autumn_leaf,mature,no,800.000000,1196.102051,2750.000000
autumn_leaf,mature,no,800.000000,1195.777954,2743.000000
autumn_leaf,mature,no,800.000000,1195.453003,2713.000000
autumn_leaf,mature,no,800.000000,1195.128052,2802.000000
autumn_leaf,mature,no,800.000000,1194.802979,2801.000000
autumn_leaf,mature,no,800.000000,1194.478027,2753.000000
autumn_leaf,mature,no,800.000000,1194.152954,2726.000000
autumn_leaf,mature,no,800.000000,1193.828003,2776.000000
autumn_leaf,mature,no,800.000000,1193.503052,2817.000000
autumn_leaf,mature,no,800.000000,1193.177979,2774.000000
autumn_leaf,mature,no,800.000000,1192.854004,2763.000000
autumn_leaf,mature,no,800.000000,1192.529053,2722.000000
autumn_leaf,mature,no,800.000000,1192.203979,2787.000000
autumn_leaf,mature,no,800.000000,1191.879028,2749.000000
autumn_leaf,mature,no,800.000000,1191.553955,2784.000000
autumn_leaf,mature,no,800.000000,1191.229004,2772.000000
autumn_leaf,mature,no,800.000000,1190.904053,2752.000000
autumn_leaf,mature,no,800.000000,1190.578979,2710.000000
autumn_leaf,mature,no,800.000000,1190.255005,2776.000000
autumn_leaf,mature,no,800.000000,1189.930054,2771.000000
autumn_leaf,mature,no,800.000000,1189.604980,2743.000000
autumn_leaf,mature,no,800.000000,1189.280029,2769.000000
autumn_leaf,mature,no,800.000000,1188.954956,2787.000000
autumn_leaf,mature,no,800.000000,1188.630005,2774.000000
autumn_leaf,mature,no,800.000000,1188.305054,2823.000000
autumn_leaf,mature,no,800.000000,1187.979980,2769.000000
autumn_leaf,mature,no,800.000000,1187.655029,2759.000000
autumn_leaf,mature,no,800.000000,1187.331055,2784.000000
autumn_leaf,mature,no,800.000000,1187.005981,2761.000000
autumn_leaf,mature,no,800.000000,1186.681030,2767.000000
autumn_leaf,mature,no,800.000000,1186.355957,2772.000000
autumn_leaf,mature,no,800.000000,1186.031006,2784.000000
autumn_leaf,mature,no,800.000000,1185.706055,2771.000000
autumn_leaf,mature,no,800.000000,1185.380981,2774.000000
autumn_leaf,mature,no,800.000000,1185.056030,2818.000000
autumn_leaf,mature,no,800.000000,1184.732056,2763.000000
autumn_leaf,mature,no,800.000000,1184.406982,2748.000000
autumn_leaf,mature,no,800.000000,1184.082031,2803.000000
autumn_leaf,mature,no,800.000000,1183.756958,2749.000000
autumn_leaf,mature,no,800.000000,1183.432007,2768.000000
autumn_leaf,mature,no,800.000000,1183.107056,2763.000000
autumn_leaf,mature,no,800.000000,1182.781982,2767.000000
autumn_leaf,mature,no,800.000000,1182.457031,2793.000000
autumn_leaf,mature,no,800.000000,1182.131958,2800.000000
autumn_leaf,mature,no,800.000000,1181.807983,2796.000000
autumn_leaf,mature,no,800.000000,1181.483032,2835.000000
autumn_leaf,mature,no,800.000000,1181.157959,2837.000000
autumn_leaf,mature,no,800.000000,1180.833008,2817.000000
autumn_leaf,mature,no,800.000000,1180.508057,2793.000000
autumn_leaf,mature,no,800.000000,1180.182983,2788.000000
autumn_leaf,mature,no,800.000000,1179.858032,2793.000000
autumn_leaf,mature,no,800.000000,1179.532959,2793.000000
autumn_leaf,mature,no,800.000000,1179.208984,2763.000000
autumn_leaf,mature,no,800.000000,1178.884033,2778.000000
autumn_leaf,mature,no,800.000000,1178.558960,2759.000000
autumn_leaf,mature,no,800.000000,1178.234009,2754.000000
autumn_leaf,mature,no,800.000000,1177.909058,2726.000000
autumn_leaf,mature,no,800.000000,1177.583984,2746.000000
autumn_leaf,mature,no,800.000000,1177.259033,2776.000000
autumn_leaf,mature,no,800.000000,1176.933960,2753.000000
autumn_leaf,mature,no,800.000000,1176.609009,2787.000000
autumn_leaf,mature,no,800.000000,1176.285034,2796.000000
autumn_leaf,mature,no,800.000000,1175.959961,2799.000000
autumn_leaf,mature,no,800.000000,1175.635010,2793.000000
autumn_leaf,mature,no,800.000000,1175.310059,2750.000000
autumn_leaf,mature,no,800.000000,1174.984985,2743.000000
autumn_leaf,mature,no,800.000000,1174.660034,2809.000000
autumn_leaf,mature,no,800.000000,1174.334961,2829.000000
autumn_leaf,mature,no,800.000000,1174.010010,2823.000000
autumn_leaf,mature,no,800.000000,1173.686035,2782.000000
autumn_leaf,mature,no,800.000000,1173.360962,2796.000000
autumn_leaf,mature,no,800.000000,1173.036011,2815.000000
autumn_leaf,mature,no,800.000000,1172.711060,2767.000000
autumn_leaf,mature,no,800.000000,1172.385986,2756.000000
autumn_leaf,mature,no,800.000000,1172.061035,2781.000000
autumn_leaf,mature,no,800.000000,1171.735962,2770.000000
autumn_leaf,mature,no,800.000000,1171.411011,2767.000000
autumn_leaf,mature,no,800.000000,1171.086060,2759.000000
autumn_leaf,mature,no,800.000000,1170.761963,2803.000000
autumn_leaf,mature,no,800.000000,1170.437012,2733.000000
autumn_leaf,mature,no,800.000000,1170.112061,2750.000000
autumn_leaf,mature,no,800.000000,1169.786987,2781.000000
autumn_leaf,mature,no,800.000000,1169.462036,2765.000000
autumn_leaf,mature,no,800.000000,1169.136963,2699.000000
autumn_leaf,mature,no,800.000000,1168.812012,2745.000000
autumn_leaf,mature,no,800.000000,1168.487061,2757.000000
autumn_leaf,mature,no,800.000000,1168.162964,2761.000000
autumn_leaf,mature,no,800.000000,1167.838013,2768.000000
autumn_leaf,mature,no,800.000000,1167.512939,2790.000000
autumn_leaf,mature,no,800.000000,1167.187988,2789.000000
autumn_leaf,mature,no,800.000000,1166.863037,2800.000000
autumn_leaf,mature,no,800.000000,1166.537964,2752.000000
autumn_leaf,mature,no,800.000000,1166.213013,2797.000000
autumn_leaf,mature,no,800.000000,1165.887939,2758.000000
autumn_leaf,mature,no,800.000000,1165.562988,2713.000000
autumn_leaf,mature,no,800.000000,1165.239014,2743.000000
autumn_leaf,mature,no,800.000000,1164.913940,2795.000000
autumn_leaf,mature,no,800.000000,1164.588989,2749.000000
autumn_leaf,mature,no,800.000000,1164.264038,2754.000000
autumn_leaf,mature,no,800.000000,1163.938965,2785.000000
autumn_leaf,mature,no,800.000000,1163.614014,2734.000000
autumn_leaf,mature,no,800.000000,1163.288940,2802.000000
autumn_leaf,mature,no,800.000000,1162.963989,2796.000000
autumn_leaf,mature,no,800.000000,1162.640015,2768.000000
autumn_leaf,mature,no,800.000000,1162.314941,2767.000000
autumn_leaf,mature,no,800.000000,1161.989990,2780.000000
autumn_leaf,mature,no,800.000000,1161.665039,2776.000000
autumn_leaf,mature,no,800.000000,1161.339966,2792.000000
autumn_leaf,mature,no,800.000000,1161.015015,2776.000000
autumn_leaf,mature,no,800.000000,1160.689941,2809.000000
autumn_leaf,mature,no,800.000000,1160.364990,2757.000000
autumn_leaf,mature,no,800.000000,1160.040039,2758.000000
autumn_leaf,mature,no,800.000000,1159.715942,2766.000000
autumn_leaf,mature,no,800.000000,1159.390991,2768.000000
autumn_leaf,mature,no,800.000000,1159.066040,2790.000000
autumn_leaf,mature,no,800.000000,1158.740967,2779.000000
autumn_leaf,mature,no,800.000000,1158.416016,2776.000000
autumn_leaf,mature,no,800.000000,1158.090942,2763.000000
autumn_leaf,mature,no,800.000000,1157.765991,2773.000000
autumn_leaf,mature,no,800.000000,1157.441040,2789.000000
autumn_leaf,mature,no,800.000000,1157.116943,2795.000000
autumn_leaf,mature,no,800.000000,1156.791992,2786.000000
autumn_leaf,mature,no,800.000000,1156.467041,2766.000000
autumn_leaf,mature,no,800.000000,1156.141968,2762.000000
autumn_leaf,mature,no,800.000000,1155.817017,2746.000000
autumn_leaf,mature,no,800.000000,1155.491943,2805.000000
autumn_leaf,mature,no,800.000000,1155.166992,2809.000000
autumn_leaf,mature,no,800.000000,1154.842041,2782.000000
autumn_leaf,mature,no,800.000000,1154.516968,2774.000000
autumn_leaf,mature,no,800.000000,1154.192993,2836.000000
autumn_leaf,mature,no,800.000000,1153.868042,2742.000000
autumn_leaf,mature,no,800.000000,1153.542969,2733.000000
autumn_leaf,mature,no,800.000000,1153.218018,2737.000000
autumn_leaf,mature,no,800.000000,1152.892944,2787.000000
autumn_leaf,mature,no,800.000000,1152.567993,2766.000000
autumn_leaf,mature,no,800.000000,1152.243042,2796.000000
autumn_leaf,mature,no,800.000000,1151.917969,2816.000000
autumn_leaf,mature,no,800.000000,1151.593994,2798.000000
autumn_leaf,mature,no,800.000000,1151.269043,2781.000000
autumn_leaf,mature,no,800.000000,1150.943970,2783.000000
autumn_leaf,mature,no,800.000000,1150.619019,2787.000000
autumn_leaf,mature,no,800.000000,1150.293945,2752.000000
autumn_leaf,mature,no,800.000000,1149.968994,2758.000000
autumn_leaf,mature,no,800.000000,1149.644043,2748.000000
autumn_leaf,mature,no,800.000000,1149.318970,2755.000000
autumn_leaf,mature,no,800.000000,1148.994019,2792.000000
autumn_leaf,mature,no,800.000000,1148.670044,2775.000000
autumn_leaf,mature,no,800.000000,1148.344971,2788.000000
autumn_leaf,mature,no,800.000000,1148.020020,2749.000000
autumn_leaf,mature,no,800.000000,1147.694946,2779.000000
autumn_leaf,mature,no,800.000000,1147.369995,2769.000000
autumn_leaf,mature,no,800.000000,1147.045044,2756.000000
autumn_leaf,mature,no,800.000000,1146.719971,2792.000000
autumn_leaf,mature,no,800.000000,1146.395020,2787.000000
autumn_leaf,mature,no,800.000000,1146.071045,2774.000000
autumn_leaf,mature,no,800.000000,1145.745972,2802.000000
autumn_leaf,mature,no,800.000000,1145.421021,2751.000000
autumn_leaf,mature,no,800.000000,1145.095947,2758.000000
autumn_leaf,mature,no,800.000000,1144.770996,2742.000000
autumn_leaf,mature,no,800.000000,1144.446045,2765.000000
autumn_leaf,mature,no,800.000000,1144.120972,2802.000000
autumn_leaf,mature,no,800.000000,1143.796021,2807.000000
autumn_leaf,mature,no,800.000000,1143.470947,2792.000000
autumn_leaf,mature,no,800.000000,1143.146973,2815.000000
autumn_leaf,mature,no,800.000000,1142.822021,2845.000000
autumn_leaf,mature,no,800.000000,1142.496948,2781.000000
autumn_leaf,mature,no,800.000000,1142.171997,2796.000000
autumn_leaf,mature,no,800.000000,1141.847046,2836.000000
autumn_leaf,mature,no,800.000000,1141.521973,2784.000000
autumn_leaf,mature,no,800.000000,1141.197021,2748.000000
autumn_leaf,mature,no,800.000000,1140.871948,2734.000000
autumn_leaf,mature,no,800.000000,1140.547974,2770.000000
autumn_leaf,mature,no,800.000000,1140.223022,2767.000000
autumn_leaf,mature,no,800.000000,1139.897949,2789.000000
autumn_leaf,mature,no,800.000000,1139.572998,2755.000000
autumn_leaf,mature,no,800.000000,1139.248047,2760.000000
autumn_leaf,mature,no,800.000000,1138.922974,2812.000000
autumn_leaf,mature,no,800.000000,1138.598022,2786.000000
autumn_leaf,mature,no,800.000000,1138.272949,2784.000000
autumn_leaf,mature,no,800.000000,1137.947998,2760.000000
autumn_leaf,mature,no,800.000000,1137.624023,2781.000000
autumn_leaf,mature,no,800.000000,1137.298950,2771.000000
autumn_leaf,mature,no,800.000000,1136.973999,2757.000000
autumn_leaf,mature,no,800.000000,1136.649048,2723.000000
autumn_leaf,mature,no,800.000000,1136.323975,2816.000000
autumn_leaf,mature,no,800.000000,1135.999023,2784.000000
autumn_leaf,mature,no,800.000000,1135.673950,2752.000000
autumn_leaf,mature,no,800.000000,1135.348999,2771.000000
autumn_leaf,mature,no,800.000000,1135.025024,2769.000000
autumn_leaf,mature,no,800.000000,1134.699951,2723.000000
autumn_leaf,mature,no,800.000000,1134.375000,2753.000000
autumn_leaf,mature,no,800.000000,1134.050049,2756.000000
autumn_leaf,mature,no,800.000000,1133.724976,2737.000000
autumn_leaf,mature,no,800.000000,1133.400024,2775.000000
autumn_leaf,mature,no,800.000000,1133.074951,2768.000000
autumn_leaf,mature,no,800.000000,1132.750000,2747.000000
autumn_leaf,mature,no,800.000000,1132.425049,2745.000000
autumn_leaf,mature,no,800.000000,1132.100952,2766.000000
autumn_leaf,mature,no,800.000000,1131.776001,2756.000000
autumn_leaf,mature,no,800.000000,1131.451050,2776.000000
autumn_leaf,mature,no,800.000000,1131.125977,2781.000000
autumn_leaf,mature,no,800.000000,1130.801025,2746.000000
autumn_leaf,mature,no,800.000000,1130.475952,2713.000000
autumn_leaf,mature,no,800.000000,1130.151001,2790.000000
autumn_leaf,mature,no,800.000000,1129.826050,2775.000000
autumn_leaf,mature,no,800.000000,1129.501953,2785.000000
autumn_leaf,mature,no,800.000000,1129.177002,2749.000000
autumn_leaf,mature,no,800.000000,1128.852051,2792.000000
autumn_leaf,mature,no,800.000000,1128.526978,2797.000000
autumn_leaf,mature,no,800.000000,1128.202026,2722.000000
autumn_leaf,mature,no,800.000000,1127.876953,2763.000000
autumn_leaf,mature,no,800.000000,1127.552002,2779.000000
autumn_leaf,mature,no,800.000000,1127.227051,2764.000000
autumn_leaf,mature,no,800.000000,1126.901978,2785.000000
autumn_leaf,mature,no,800.000000,1126.578003,2791.000000
autumn_leaf,mature,no,800.000000,1126.253052,2743.000000
autumn_leaf,mature,no,800.000000,1125.927979,2722.000000
autumn_leaf,mature,no,800.000000,1125.603027,2697.000000
autumn_leaf,mature,no,800.000000,1125.277954,2747.000000
autumn_leaf,mature,no,800.000000,1124.953003,2794.000000
autumn_leaf,mature,no,800.000000,1124.628052,2747.000000
autumn_leaf,mature,no,800.000000,1124.302979,2764.000000
autumn_leaf,mature,no,800.000000,1123.978027,2745.000000
autumn_leaf,mature,no,800.000000,1123.654053,2723.000000
autumn_leaf,mature,no,800.000000,1123.328979,2767.000000
autumn_leaf,mature,no,800.000000,1123.004028,2779.000000
autumn_leaf,mature,no,800.000000,1122.678955,2778.000000
autumn_leaf,mature,no,800.000000,1122.354004,2733.000000
autumn_leaf,mature,no,800.000000,1122.029053,2717.000000
autumn_leaf,mature,no,800.000000,1121.703979,2746.000000
autumn_leaf,mature,no,800.000000,1121.379028,2740.000000
autumn_leaf,mature,no,800.000000,1121.055054,2826.000000
autumn_leaf,mature,no,800.000000,1120.729980,2739.000000
autumn_leaf,mature,no,800.000000,1120.405029,2776.000000
autumn_leaf,mature,no,800.000000,1120.079956,2800.000000
autumn_leaf,mature,no,800.000000,1119.755005,2774.000000
autumn_leaf,mature,no,800.000000,1119.430054,2806.000000
autumn_leaf,mature,no,800.000000,1119.104980,2752.000000
autumn_leaf,mature,no,800.000000,1118.780029,2791.000000
autumn_leaf,mature,no,800.000000,1118.454956,2821.000000
autumn_leaf,mature,no,800.000000,1118.130981,2783.000000
autumn_leaf,mature,no,800.000000,1117.806030,2764.000000
autumn_leaf,mature,no,800.000000,1117.480957,2771.000000
autumn_leaf,mature,no,800.000000,1117.156006,2765.000000
autumn_leaf,mature,no,800.000000,1116.831055,2804.000000
autumn_leaf,mature,no,800.000000,1116.505981,2820.000000
autumn_leaf,mature,no,800.000000,1116.181030,2781.000000
autumn_leaf,mature,no,800.000000,1115.855957,2757.000000
autumn_leaf,mature,no,800.000000,1115.531982,2781.000000
autumn_leaf,mature,no,800.000000,1115.207031,2784.000000
autumn_leaf,mature,no,800.000000,1114.881958,2749.000000
autumn_leaf,mature,no,800.000000,1114.557007,2771.000000
autumn_leaf,mature,no,800.000000,1114.232056,2745.000000
autumn_leaf,mature,no,800.000000,1113.906982,2757.000000
autumn_leaf,mature,no,800.000000,1113.582031,2793.000000
autumn_leaf,mature,no,800.000000,1113.256958,2820.000000
autumn_leaf,mature,no,800.000000,1112.932007,2746.000000
autumn_leaf,mature,no,800.000000,1112.608032,2746.000000
autumn_leaf,mature,no,800.000000,1112.282959,2751.000000
autumn_leaf,mature,no,800.000000,1111.958008,2820.000000
autumn_leaf,mature,no,800.000000,1111.633057,2752.000000
autumn_leaf,mature,no,800.000000,1111.307983,2801.000000
autumn_leaf,mature,no,800.000000,1110.983032,2757.000000
autumn_leaf,mature,no,800.000000,1110.657959,2749.000000
autumn_leaf,mature,no,800.000000,1110.333008,2762.000000
autumn_leaf,mature,no,800.000000,1110.009033,2758.000000
autumn_leaf,mature,no,800.000000,1109.683960,2711.000000
autumn_leaf,mature,no,800.000000,1109.359009,2738.000000
autumn_leaf,mature,no,800.000000,1109.034058,2775.000000
autumn_leaf,mature,no,800.000000,1108.708984,2774.000000
autumn_leaf,mature,no,800.000000,1108.384033,2791.000000
autumn_leaf,mature,no,800.000000,1108.058960,2767.000000
autumn_leaf,mature,no,800.000000,1107.734009,2777.000000
autumn_leaf,mature,no,800.000000,1107.409058,2736.000000
autumn_leaf,mature,no,800.000000,1107.084961,2778.000000
autumn_leaf,mature,no,800.000000,1106.760010,2773.000000
autumn_leaf,mature,no,800.000000,1106.435059,2804.000000
autumn_leaf,mature,no,800.000000,1106.109985,2776.000000
autumn_leaf,mature,no,800.000000,1105.785034,2749.000000
autumn_leaf,mature,no,800.000000,1105.459961,2806.000000
autumn_leaf,mature,no,800.000000,1105.135010,2758.000000
autumn_leaf,mature,no,800.000000,1104.810059,2785.000000
autumn_leaf,mature,no,800.000000,1104.485962,2761.000000
autumn_leaf,mature,no,800.000000,1104.161011,2789.000000
autumn_leaf,mature,no,800.000000,1103.836060,2800.000000
autumn_leaf,mature,no,800.000000,1103.510986,2796.000000
autumn_leaf,mature,no,800.000000,1103.186035,2758.000000
autumn_leaf,mature,no,800.000000,1102.860962,2803.000000
autumn_leaf,mature,no,800.000000,1102.536011,2789.000000
autumn_leaf,mature,no,800.000000,1102.211060,2806.000000
autumn_leaf,mature,no,800.000000,1101.885986,2774.000000
autumn_leaf,mature,no,800.000000,1101.562012,2702.000000
autumn_leaf,mature,no,800.000000,1101.237061,2756.000000
autumn_leaf,mature,no,800.000000,1100.911987,2734.000000
autumn_leaf,mature,no,800.000000,1100.587036,2761.000000
autumn_leaf,mature,no,800.000000,1100.261963,2814.000000
autumn_leaf,mature,no,800.000000,1099.937012,2791.000000
autumn_leaf,mature,no,800.000000,1099.612061,2747.000000
autumn_leaf,mature,no,800.000000,1099.286987,2755.000000
autumn_leaf,mature,no,800.000000,1098.963013,2743.000000
autumn_leaf,mature,no,800.000000,1098.637939,2736.000000
autumn_leaf,mature,no,800.000000,1098.312988,2777.000000
autumn_leaf,mature,no,800.000000,1097.988037,2824.000000
autumn_leaf,mature,no,800.000000,1097.662964,2792.000000
autumn_leaf,mature,no,800.000000,1097.338013,2746.000000
autumn_leaf,mature,no,800.000000,1097.012939,2742.000000
autumn_leaf,mature,no,800.000000,1096.687988,2752.000000
autumn_leaf,mature,no,800.000000,1096.363037,2768.000000
autumn_leaf,mature,no,800.000000,1096.038940,2748.000000
autumn_leaf,mature,no,800.000000,1095.713989,2767.000000
autumn_leaf,mature,no,800.000000,1095.389038,2845.000000
autumn_leaf,mature,no,800.000000,1095.063965,2792.000000
autumn_leaf,mature,no,800.000000,1094.739014,2790.000000
autumn_leaf,mature,no,800.000000,1094.413940,2777.000000
autumn_leaf,mature,no,800.000000,1094.088989,2776.000000
autumn_leaf,mature,no,800.000000,1093.764038,2747.000000
autumn_leaf,mature,no,800.000000,1093.439941,2770.000000
autumn_leaf,mature,no,800.000000,1093.114990,2797.000000
autumn_leaf,mature,no,800.000000,1092.790039,2784.000000
autumn_leaf,mature,no,800.000000,1092.464966,2776.000000
autumn_leaf,mature,no,800.000000,1092.140015,2828.000000
autumn_leaf,mature,no,800.000000,1091.824951,2842.000000
autumn_leaf,mature,no,800.000000,1091.510010,2813.000000
autumn_leaf,mature,no,800.000000,1091.194946,2743.000000
autumn_leaf,mature,no,800.000000,1090.880005,2781.000000
autumn_leaf,mature,no,800.000000,1090.563965,2792.000000
autumn_leaf,mature,no,800.000000,1090.249023,2788.000000
autumn_leaf,mature,no,800.000000,1089.933960,2792.000000
autumn_leaf,mature,no,800.000000,1089.619019,2763.000000
autumn_leaf,mature,no,800.000000,1089.303955,2804.000000
autumn_leaf,mature,no,800.000000,1088.989014,2771.000000
autumn_leaf,mature,no,800.000000,1088.673950,2759.000000
autumn_leaf,mature,no,800.000000,1088.359009,2766.000000
autumn_leaf,mature,no,800.000000,1088.043945,2728.000000
autumn_leaf,mature,no,800.000000,1087.728027,2774.000000
autumn_leaf,mature,no,800.000000,1087.412964,2734.000000
autumn_leaf,mature,no,800.000000,1087.098022,2785.000000
autumn_leaf,mature,no,800.000000,1086.782959,2780.000000
autumn_leaf,mature,no,800.000000,1086.468018,2772.000000
autumn_leaf,mature,no,800.000000,1086.152954,2791.000000
autumn_leaf,mature,no,800.000000,1085.838013,2786.000000
autumn_leaf,mature,no,800.000000,1085.522949,2769.000000
autumn_leaf,mature,no,800.000000,1085.208008,2744.000000
autumn_leaf,mature,no,800.000000,1084.891968,2753.000000
autumn_leaf,mature,no,800.000000,1084.577026,2769.000000
autumn_leaf,mature,no,800.000000,1084.261963,2764.000000
autumn_leaf,mature,no,800.000000,1083.947021,2771.000000
autumn_leaf,mature,no,800.000000,1083.631958,2784.000000
autumn_leaf,mature,no,800.000000,1083.317017,2792.000000
autumn_leaf,mature,no,800.000000,1083.001953,2761.000000
autumn_leaf,mature,no,800.000000,1082.687012,2820.000000
autumn_leaf,mature,no,800.000000,1082.371948,2765.000000
autumn_leaf,mature,no,800.000000,1082.056030,2776.000000
autumn_leaf,mature,no,800.000000,1081.740967,2775.000000
autumn_leaf,mature,no,800.000000,1081.426025,2816.000000
autumn_leaf,mature,no,800.000000,1081.110962,2735.000000
autumn_leaf,mature,no,800.000000,1080.796021,2754.000000
autumn_leaf,mature,no,800.000000,1080.480957,2787.000000
autumn_leaf,mature,no,800.000000,1080.166016,2811.000000
autumn_leaf,mature,no,800.000000,1079.850952,2787.000000
autumn_leaf,mature,no,800.000000,1079.536011,2765.000000
autumn_leaf,mature,no,800.000000,1079.219971,2760.000000
autumn_leaf,mature,no,800.000000,1078.905029,2731.000000
autumn_leaf,mature,no,800.000000,1078.589966,2797.000000
autumn_leaf,mature,no,800.000000,1078.275024,2760.000000
autumn_leaf,mature,no,800.000000,1077.959961,2734.000000
autumn_leaf,mature,no,800.000000,1077.645020,2780.000000
autumn_leaf,mature,no,800.000000,1077.329956,2770.000000
autumn_leaf,mature,no,800.000000,1077.015015,2859.000000
autumn_leaf,mature,no,800.000000,1076.698975,2794.000000
autumn_leaf,mature,no,800.000000,1076.384033,2786.000000
autumn_leaf,mature,no,800.000000,1076.068970,2748.000000
autumn_leaf,mature,no,800.000000,1075.754028,2766.000000
autumn_leaf,mature,no,800.000000,1075.438965,2823.000000
autumn_leaf,mature,no,800.000000,1075.124023,2802.000000
autumn_leaf,mature,no,800.000000,1074.808960,2844.000000
autumn_leaf,mature,no,800.000000,1074.494019,2807.000000
autumn_leaf,mature,no,800.000000,1074.178955,2771.000000
autumn_leaf,mature,no,800.000000,1073.863037,2759.000000
autumn_leaf,mature,no,800.000000,1073.547974,2779.000000
autumn_leaf,mature,no,800.000000,1073.233032,2768.000000
autumn_leaf,mature,no,800.000000,1072.917969,2748.000000
autumn_leaf,mature,no,800.000000,1072.603027,2767.000000
autumn_leaf,mature,no,800.000000,1072.287964,2806.000000
autumn_leaf,mature,no,800.000000,1071.973022,2750.000000
autumn_leaf,mature,no,800.000000,1071.657959,2766.000000
autumn_leaf,mature,no,800.000000,1071.343018,2802.000000
autumn_leaf,mature,no,800.000000,1071.026978,2798.000000
autumn_leaf,mature,no,800.000000,1070.712036,2786.000000
autumn_leaf,mature,no,800.000000,1070.396973,2782.000000
autumn_leaf,mature,no,800.000000,1070.082031,2748.000000
autumn_leaf,mature,no,800.000000,1069.766968,2742.000000
autumn_leaf,mature,no,800.000000,1069.452026,2768.000000
autumn_leaf,mature,no,800.000000,1069.136963,2771.000000
autumn_leaf,mature,no,800.000000,1068.822021,2756.000000
autumn_leaf,mature,no,800.000000,1068.506958,2756.000000
autumn_leaf,mature,no,800.000000,1068.191040,2776.000000
autumn_leaf,mature,no,800.000000,1067.875977,2801.000000
autumn_leaf,mature,no,800.000000,1067.561035,2778.000000
autumn_leaf,mature,no,800.000000,1067.245972,2792.000000
autumn_leaf,mature,no,800.000000,1066.931030,2772.000000
autumn_leaf,mature,no,800.000000,1066.615967,2796.000000
autumn_leaf,mature,no,800.000000,1066.301025,2782.000000
autumn_leaf,mature,no,800.000000,1065.985962,2771.000000
autumn_leaf,mature,no,800.000000,1065.671021,2749.000000
autumn_leaf,mature,no,800.000000,1065.354980,2780.000000
autumn_leaf,mature,no,800.000000,1065.040039,2769.000000
autumn_leaf,mature,no,800.000000,1064.724976,2812.000000
autumn_leaf,mature,no,800.000000,1064.410034,2754.000000
autumn_leaf,mature,no,800.000000,1064.094971,2729.000000
autumn_leaf,mature,no,800.000000,1063.780029,2747.000000
autumn_leaf,mature,no,800.000000,1063.464966,2713.000000
autumn_leaf,mature,no,800.000000,1063.150024,2747.000000
autumn_leaf,mature,no,800.000000,1062.834961,2778.000000
autumn_leaf,mature,no,800.000000,1062.519043,2784.000000
autumn_leaf,mature,no,800.000000,1062.203979,2808.000000
autumn_leaf,mature,no,800.000000,1061.889038,2769.000000
autumn_leaf,mature,no,800.000000,1061.573975,2795.000000
autumn_leaf,mature,no,800.000000,1061.259033,2799.000000
autumn_leaf,mature,no,800.000000,1060.943970,2774.000000
autumn_leaf,mature,no,800.000000,1060.629028,2760.000000
autumn_leaf,mature,no,800.000000,1060.313965,2764.000000
autumn_leaf,mature,no,800.000000,1059.999023,2768.000000
autumn_leaf,mature,no,800.000000,1059.682983,2812.000000
autumn_leaf,mature,no,800.000000,1059.368042,2782.000000
autumn_leaf,mature,no,800.000000,1059.052979,2805.000000
autumn_leaf,mature,no,800.000000,1058.738037,2741.000000
autumn_leaf,mature,no,800.000000,1058.422974,2778.000000
autumn_leaf,mature,no,800.000000,1058.108032,2744.000000
autumn_leaf,mature,no,800.000000,1057.792969,2710.000000
autumn_leaf,mature,no,800.000000,1057.478027,2732.000000
autumn_leaf,mature,no,800.000000,1057.162964,2804.000000
autumn_leaf,mature,no,800.000000,1056.847046,2799.000000
autumn_leaf,mature,no,800.000000,1056.531982,2798.000000
autumn_leaf,mature,no,800.000000,1056.217041,2785.000000
autumn_leaf,mature,no,800.000000,1055.901978,2792.000000
autumn_leaf,mature,no,800.000000,1055.587036,2765.000000
autumn_leaf,mature,no,800.000000,1055.271973,2771.000000
autumn_leaf,mature,no,800.000000,1054.957031,2782.000000
autumn_leaf,mature,no,800.000000,1054.641968,2771.000000
autumn_leaf,mature,no,800.000000,1054.327026,2770.000000
autumn_leaf,mature,no,800.000000,1054.010986,2775.000000
autumn_leaf,mature,no,800.000000,1053.696045,2798.000000
autumn_leaf,mature,no,800.000000,1053.380981,2794.000000
autumn_leaf,mature,no,800.000000,1053.066040,2753.000000
autumn_leaf,mature,no,800.000000,1052.750977,2804.000000
autumn_leaf,mature,no,800.000000,1052.436035,2764.000000
autumn_leaf,mature,no,800.000000,1052.120972,2767.000000
autumn_leaf,mature,no,800.000000,1051.806030,2790.000000
autumn_leaf,mature,no,800.000000,1051.490967,2787.000000
autumn_leaf,mature,no,800.000000,1051.175049,2761.000000
autumn_leaf,mature,no,800.000000,1050.859985,2726.000000
autumn_leaf,mature,no,800.000000,1050.545044,2752.000000
autumn_leaf,mature,no,800.000000,1050.229980,2767.000000
autumn_leaf,mature,no,800.000000,1049.915039,2787.000000
autumn_leaf,mature,no,800.000000,1049.599976,2814.000000
autumn_leaf,mature,no,800.000000,1049.285034,2791.000000
autumn_leaf,mature,no,800.000000,1048.969971,2705.000000
autumn_leaf,mature,no,800.000000,1048.655029,2711.000000
autumn_leaf,mature,no,800.000000,1048.338989,2778.000000
autumn_leaf,mature,no,800.000000,1048.024048,2806.000000
autumn_leaf,mature,no,800.000000,1047.708984,2805.000000
autumn_leaf,mature,no,800.000000,1047.394043,2818.000000
autumn_leaf,mature,no,800.000000,1047.078979,2778.000000
autumn_leaf,mature,no,800.000000,1046.764038,2788.000000
autumn_leaf,mature,no,800.000000,1046.448975,2778.000000
autumn_leaf,mature,no,800.000000,1046.134033,2806.000000
autumn_leaf,mature,no,800.000000,1045.818970,2746.000000
autumn_leaf,mature,no,800.000000,1045.503052,2778.000000
autumn_leaf,mature,no,800.000000,1045.187988,2786.000000
autumn_leaf,mature,no,800.000000,1044.873047,2802.000000
autumn_leaf,mature,no,800.000000,1044.557983,2795.000000
autumn_leaf,mature,no,800.000000,1044.243042,2765.000000
autumn_leaf,mature,no,800.000000,1043.927979,2763.000000
autumn_leaf,mature,no,800.000000,1043.613037,2767.000000
autumn_leaf,mature,no,800.000000,1043.297974,2821.000000
autumn_leaf,mature,no,800.000000,1042.982056,2752.000000
autumn_leaf,mature,no,800.000000,1042.666992,2715.000000
autumn_leaf,mature,no,800.000000,1042.352051,2723.000000
autumn_leaf,mature,no,800.000000,1042.036987,2819.000000
autumn_leaf,mature,no,800.000000,1041.722046,2763.000000
autumn_leaf,mature,no,800.000000,1041.406982,2760.000000
autumn_leaf,mature,no,800.000000,1041.092041,2792.000000
autumn_leaf,mature,no,800.000000,1040.776978,2803.000000
autumn_leaf,mature,no,800.000000,1040.462036,2811.000000
autumn_leaf,mature,no,800.000000,1040.145996,2769.000000
autumn_leaf,mature,no,800.000000,1039.831055,2784.000000
autumn_leaf,mature,no,800.000000,1039.515991,2780.000000
autumn_leaf,mature,no,800.000000,1039.201050,2761.000000
autumn_leaf,mature,no,800.000000,1038.885986,2839.000000
autumn_leaf,mature,no,800.000000,1038.571045,2726.000000
autumn_leaf,mature,no,800.000000,1038.255981,2772.000000
autumn_leaf,mature,no,800.000000,1037.941040,2762.000000
autumn_leaf,mature,no,800.000000,1037.625977,2807.000000
autumn_leaf,mature,no,800.000000,1037.310059,2763.000000
autumn_leaf,mature,no,800.000000,1036.994995,2741.000000
autumn_leaf,mature,no,800.000000,1036.680054,2731.000000
autumn_leaf,mature,no,800.000000,1036.364990,2790.000000
autumn_leaf,mature,no,800.000000,1036.050049,2741.000000
autumn_leaf,mature,no,800.000000,1035.734985,2760.000000
autumn_leaf,mature,no,800.000000,1035.420044,2770.000000
autumn_leaf,mature,no,800.000000,1035.104980,2741.000000
autumn_leaf,mature,no,800.000000,1034.790039,2792.000000
autumn_leaf,mature,no,800.000000,1034.473999,2770.000000
autumn_leaf,mature,no,800.000000,1034.159058,2775.000000
autumn_leaf,mature,no,800.000000,1033.843994,2755.000000
autumn_leaf,mature,no,800.000000,1033.529053,2732.000000
autumn_leaf,mature,no,800.000000,1033.213989,2751.000000
autumn_leaf,mature,no,800.000000,1032.899048,2777.000000
autumn_leaf,mature,no,800.000000,1032.583984,2795.000000
autumn_leaf,mature,no,800.000000,1032.269043,2833.000000
autumn_leaf,mature,no,800.000000,1031.953979,2814.000000
autumn_leaf,mature,no,800.000000,1031.637939,2790.000000
autumn_leaf,mature,no,800.000000,1031.322998,2741.000000
autumn_leaf,mature,no,800.000000,1031.008057,2764.000000
autumn_leaf,mature,no,800.000000,1030.692993,2754.000000
autumn_leaf,mature,no,800.000000,1030.378052,2785.000000
autumn_leaf,mature,no,800.000000,1030.062988,2764.000000
autumn_leaf,mature,no,800.000000,1029.748047,2764.000000
autumn_leaf,mature,no,800.000000,1029.432983,2763.000000
autumn_leaf,mature,no,800.000000,1029.118042,2769.000000
autumn_leaf,mature,no,800.000000,1028.802002,2780.000000
autumn_leaf,mature,no,800.000000,1028.487061,2792.000000
autumn_leaf,mature,no,800.000000,1028.171997,2794.000000
autumn_leaf,mature,no,800.000000,1027.857056,2726.000000
autumn_leaf,mature,no,800.000000,1027.541992,2752.000000
autumn_leaf,mature,no,800.000000,1027.227051,2778.000000
autumn_leaf,mature,no,800.000000,1026.911987,2775.000000
autumn_leaf,mature,no,800.000000,1026.597046,2714.000000
autumn_leaf,mature,no,800.000000,1026.281982,2764.000000
autumn_leaf,mature,no,800.000000,1025.965942,2795.000000
autumn_leaf,mature,no,800.000000,1025.651001,2793.000000
autumn_leaf,mature,no,800.000000,1025.336060,2777.000000
autumn_leaf,mature,no,800.000000,1025.020996,2786.000000
autumn_leaf,mature,no,800.000000,1024.706055,2820.000000
autumn_leaf,mature,no,800.000000,1024.390991,2821.000000
autumn_leaf,mature,no,800.000000,1024.076050,2770.000000
autumn_leaf,mature,no,800.000000,1023.760986,2776.000000
autumn_leaf,mature,no,800.000000,1023.445984,2740.000000
autumn_leaf,mature,no,800.000000,1023.130005,2753.000000
autumn_leaf,mature,no,800.000000,1022.815002,2826.000000
autumn_leaf,mature,no,800.000000,1022.500000,2772.000000
autumn_leaf,mature,no,800.000000,1022.184998,2771.000000
autumn_leaf,mature,no,800.000000,1021.869995,2780.000000
autumn_leaf,mature,no,800.000000,1021.554993,2764.000000
autumn_leaf,mature,no,800.000000,1021.239990,2734.000000
autumn_leaf,mature,no,800.000000,1020.924988,2768.000000
autumn_leaf,mature,no,800.000000,1020.609985,2786.000000
autumn_leaf,mature,no,800.000000,1020.294006,2790.000000
autumn_leaf,mature,no,800.000000,1019.979004,2821.000000
autumn_leaf,mature,no,800.000000,1019.664001,2791.000000
autumn_leaf,mature,no,800.000000,1019.348999,2784.000000
autumn_leaf,mature,no,800.000000,1019.033997,2838.000000
autumn_leaf,mature,no,800.000000,1018.718994,2747.000000
autumn_leaf,mature,no,800.000000,1018.403992,2762.000000
autumn_leaf,mature,no,800.000000,1018.088989,2772.000000
autumn_leaf,mature,no,800.000000,1017.773987,2754.000000
autumn_leaf,mature,no,800.000000,1017.458008,2725.000000
autumn_leaf,mature,no,800.000000,1017.143005,2793.000000
autumn_leaf,mature,no,800.000000,1016.828003,2778.000000
autumn_leaf,mature,no,800.000000,1016.513000,2745.000000
autumn_leaf,mature,no,800.000000,1016.197998,2787.000000
autumn_leaf,mature,no,800.000000,1015.882996,2776.000000
autumn_leaf,mature,no,800.000000,1015.567993,2759.000000
autumn_leaf,mature,no,800.000000,1015.252991,2779.000000
autumn_leaf,mature,no,800.000000,1014.937988,2760.000000
autumn_leaf,mature,no,800.000000,1014.622009,2756.000000
autumn_leaf,mature,no,800.000000,1014.307007,2782.000000
autumn_leaf,mature,no,800.000000,1013.992004,2740.000000
autumn_leaf,mature,no,800.000000,1013.677002,2775.000000
autumn_leaf,mature,no,800.000000,1013.362000,2798.000000
autumn_leaf,mature,no,800.000000,1013.046997,2790.000000
autumn_leaf,mature,no,800.000000,1012.731995,2776.000000
autumn_leaf,mature,no,800.000000,1012.416992,2722.000000
autumn_leaf,mature,no,800.000000,1012.101990,2782.000000
autumn_leaf,mature,no,800.000000,1011.786011,2782.000000
autumn_leaf,mature,no,800.000000,1011.471008,2731.000000
autumn_leaf,mature,no,800.000000,1011.156006,2836.000000
autumn_leaf,mature,no,800.000000,1010.841003,2784.000000
autumn_leaf,mature,no,800.000000,1010.526001,2729.000000
autumn_leaf,mature,no,800.000000,1010.210999,2780.000000
autumn_leaf,mature,no,800.000000,1009.895996,2813.000000
autumn_leaf,mature,no,800.000000,1009.580994,2719.000000
autumn_leaf,mature,no,800.000000,1009.265015,2741.000000
autumn_leaf,mature,no,800.000000,1008.950012,2780.000000
autumn_leaf,mature,no,800.000000,1008.635010,2779.000000
autumn_leaf,mature,no,800.000000,1008.320007,2764.000000
autumn_leaf,mature,no,800.000000,1008.005005,2798.000000
autumn_leaf,mature,no,800.000000,1007.690002,2782.000000
autumn_leaf,mature,no,800.000000,1007.375000,2773.000000
autumn_leaf,mature,no,800.000000,1007.059998,2799.000000
autumn_leaf,mature,no,800.000000,1006.744995,2782.000000
autumn_leaf,mature,no,800.000000,1006.429016,2783.000000
autumn_leaf,mature,no,800.000000,1006.114014,2756.000000
autumn_leaf,mature,no,800.000000,1005.799011,2778.000000
autumn_leaf,mature,no,800.000000,1005.484009,2816.000000
autumn_leaf,mature,no,800.000000,1005.169006,2786.000000
autumn_leaf,mature,no,800.000000,1004.854004,2802.000000
autumn_leaf,mature,no,800.000000,1004.539001,2801.000000
autumn_leaf,mature,no,800.000000,1004.223999,2784.000000
autumn_leaf,mature,no,800.000000,1003.908997,2787.000000
autumn_leaf,mature,no,800.000000,1003.593018,2737.000000
autumn_leaf,mature,no,800.000000,1003.278015,2758.000000
autumn_leaf,mature,no,800.000000,1002.963013,2766.000000
autumn_leaf,mature,no,800.000000,1002.648010,2789.000000
autumn_leaf,mature,no,800.000000,1002.333008,2797.000000
autumn_leaf,mature,no,800.000000,1002.018005,2812.000000
autumn_leaf,mature,no,800.000000,1001.703003,2784.000000
autumn_leaf,mature,no,800.000000,1001.388000,2789.000000
autumn_leaf,mature,no,800.000000,1001.072998,2742.000000
autumn_leaf,mature,no,800.000000,1000.757019,2780.000000
autumn_leaf,mature,no,800.000000,1000.442017,2737.000000
autumn_leaf,mature,no,800.000000,1000.127014,2745.000000
autumn_leaf,mature,no,800.000000,999.812012,2741.000000
autumn_leaf,mature,no,800.000000,999.497009,2750.000000
autumn_leaf,mature,no,800.000000,999.182007,2798.000000
autumn_leaf,mature,no,800.000000,998.867004,2777.000000
autumn_leaf,mature,no,800.000000,998.552002,2759.000000
autumn_leaf,mature,no,800.000000,998.237000,2737.000000
autumn_leaf,mature,no,800.000000,997.921021,2788.000000
autumn_leaf,mature,no,800.000000,997.606018,2757.000000
autumn_leaf,mature,no,800.000000,997.291016,2776.000000
autumn_leaf,mature,no,800.000000,996.976013,2817.000000
autumn_leaf,mature,no,800.000000,996.661011,2801.000000
autumn_leaf,mature,no,800.000000,996.346008,2739.000000
autumn_leaf,mature,no,800.000000,996.031006,2760.000000
autumn_leaf,mature,no,800.000000,995.716003,2746.000000
autumn_leaf,mature,no,800.000000,995.401001,2836.000000
autumn_leaf,mature,no,800.000000,995.085022,2824.000000
autumn_leaf,mature,no,800.000000,994.770020,2799.000000
autumn_leaf,mature,no,800.000000,994.455017,2723.000000
autumn_leaf,mature,no,800.000000,994.140015,2756.000000
autumn_leaf,mature,no,800.000000,993.825012,2763.000000
autumn_leaf,mature,no,800.000000,993.510010,2733.000000
autumn_leaf,mature,no,800.000000,993.195007,2783.000000
autumn_leaf,mature,no,800.000000,992.880005,2829.000000
autumn_leaf,mature,no,800.000000,992.565002,2775.000000
autumn_leaf,mature,no,800.000000,992.249023,2758.000000
autumn_leaf,mature,no,800.000000,991.934021,2769.000000
autumn_leaf,mature,no,800.000000,991.619019,2772.000000
autumn_leaf,mature,no,800.000000,991.304016,2717.000000
autumn_leaf,mature,no,800.000000,990.989014,2767.000000
autumn_leaf,mature,no,800.000000,990.674011,2765.000000
autumn_leaf,mature,no,800.000000,990.359009,2769.000000
autumn_leaf,mature,no,800.000000,990.044006,2752.000000
autumn_leaf,mature,no,800.000000,989.729004,2728.000000
autumn_leaf,mature,no,800.000000,989.413025,2743.000000
autumn_leaf,mature,no,800.000000,989.098022,2751.000000
autumn_leaf,mature,no,800.000000,988.783020,2799.000000
autumn_leaf,mature,no,800.000000,988.468018,2764.000000
autumn_leaf,mature,no,800.000000,988.153015,2748.000000
autumn_leaf,mature,no,800.000000,987.838013,2749.000000
autumn_leaf,mature,no,800.000000,987.523010,2768.000000
autumn_leaf,mature,no,800.000000,987.208008,2780.000000
autumn_leaf,mature,no,800.000000,986.893005,2799.000000
autumn_leaf,mature,no,800.000000,986.577026,2775.000000
autumn_leaf,mature,no,800.000000,986.262024,2787.000000
autumn_leaf,mature,no,800.000000,985.947021,2771.000000
autumn_leaf,mature,no,800.000000,985.632019,2768.000000
autumn_leaf,mature,no,800.000000,985.317017,2748.000000
autumn_leaf,mature,no,800.000000,985.002014,2764.000000
autumn_leaf,mature,no,800.000000,984.687012,2803.000000
autumn_leaf,mature,no,800.000000,984.372009,2805.000000
autumn_leaf,mature,no,800.000000,984.057007,2767.000000
autumn_leaf,mature,no,800.000000,983.741028,2758.000000
autumn_leaf,mature,no,800.000000,983.426025,2770.000000
autumn_leaf,mature,no,800.000000,983.111023,2800.000000
autumn_leaf,mature,no,800.000000,982.796021,2830.000000
autumn_leaf,mature,no,800.000000,982.481018,2718.000000
autumn_leaf,mature,no,800.000000,982.166016,2773.000000
autumn_leaf,mature,no,800.000000,981.851013,2755.000000
autumn_leaf,mature,no,800.000000,981.536011,2749.000000
autumn_leaf,mature,no,800.000000,981.221008,2725.000000
autumn_leaf,mature,no,800.000000,980.905029,2744.000000
autumn_leaf,mature,no,800.000000,980.590027,2747.000000
autumn_leaf,mature,no,800.000000,980.275024,2779.000000
autumn_leaf,mature,no,800.000000,979.960022,2758.000000
autumn_leaf,mature,no,800.000000,979.645020,2793.000000
autumn_leaf,mature,no,800.000000,979.330017,2758.000000
autumn_leaf,mature,no,800.000000,979.015015,2812.000000
autumn_leaf,mature,no,800.000000,978.700012,2738.000000
autumn_leaf,mature,no,800.000000,978.383972,2737.000000
autumn_leaf,mature,no,800.000000,978.068970,2773.000000
autumn_leaf,mature,no,800.000000,977.754028,2746.000000
autumn_leaf,mature,no,800.000000,977.439026,2801.000000
autumn_leaf,mature,no,800.000000,977.124023,2768.000000
autumn_leaf,mature,no,800.000000,976.809021,2787.000000
autumn_leaf,mature,no,800.000000,976.494019,2765.000000
autumn_leaf,mature,no,800.000000,976.179016,2746.000000
autumn_leaf,mature,no,800.000000,975.864014,2743.000000
autumn_leaf,mature,no,800.000000,975.547974,2797.000000
autumn_leaf,mature,no,800.000000,975.232971,2819.000000
autumn_leaf,mature,no,800.000000,974.918030,2794.000000
autumn_leaf,mature,no,800.000000,974.603027,2763.000000
autumn_leaf,mature,no,800.000000,974.288025,2758.000000
autumn_leaf,mature,no,800.000000,973.973022,2757.000000
autumn_leaf,mature,no,800.000000,973.658020,2807.000000
autumn_leaf,mature,no,800.000000,973.343018,2795.000000
autumn_leaf,mature,no,800.000000,973.028015,2759.000000
autumn_leaf,mature,no,800.000000,972.711975,2736.000000
autumn_leaf,mature,no,800.000000,972.396973,2736.000000
autumn_leaf,mature,no,800.000000,972.081970,2764.000000
autumn_leaf,mature,no,800.000000,971.767029,2760.000000
autumn_leaf,mature,no,800.000000,971.452026,2802.000000
autumn_leaf,mature,no,800.000000,971.137024,2802.000000
autumn_leaf,mature,no,800.000000,970.822021,2777.000000
autumn_leaf,mature,no,800.000000,970.507019,2763.000000
autumn_leaf,mature,no,800.000000,970.192017,2761.000000
autumn_leaf,mature,no,800.000000,969.875977,2759.000000
autumn_leaf,mature,no,800.000000,969.560974,2738.000000
autumn_leaf,mature,no,800.000000,969.245972,2785.000000
autumn_leaf,mature,no,800.000000,968.931030,2737.000000
autumn_leaf,mature,no,800.000000,968.616028,2773.000000
autumn_leaf,mature,no,800.000000,968.301025,2800.000000
autumn_leaf,mature,no,800.000000,967.986023,2795.000000
autumn_leaf,mature,no,800.000000,967.671021,2809.000000
autumn_leaf,mature,no,800.000000,967.356018,2768.000000
autumn_leaf,mature,no,800.000000,967.039978,2762.000000
autumn_leaf,mature,no,800.000000,966.724976,2767.000000
autumn_leaf,mature,no,800.000000,966.409973,2780.000000
autumn_leaf,mature,no,800.000000,966.094971,2820.000000
autumn_leaf,mature,no,800.000000,965.780029,2774.000000
autumn_leaf,mature,no,800.000000,965.473999,2807.000000
autumn_leaf,mature,no,800.000000,965.169006,2791.000000
autumn_leaf,mature,no,800.000000,964.862976,2810.000000
autumn_leaf,mature,no,800.000000,964.557983,2754.000000
autumn_leaf,mature,no,800.000000,964.252014,2787.000000
autumn_leaf,mature,no,800.000000,963.945984,2757.000000
autumn_leaf,mature,no,800.000000,963.640991,2713.000000
autumn_leaf,mature,no,800.000000,963.335022,2758.000000
autumn_leaf,mature,no,800.000000,963.030029,2769.000000
autumn_leaf,mature,no,800.000000,962.723999,2788.000000
autumn_leaf,mature,no,800.000000,962.418030,2797.000000
autumn_leaf,mature,no,800.000000,962.112976,2814.000000
autumn_leaf,mature,no,800.000000,961.807007,2746.000000
autumn_leaf,mature,no,800.000000,961.502014,2768.000000
autumn_leaf,mature,no,800.000000,961.195984,2760.000000
autumn_leaf,mature,no,800.000000,960.890015,2744.000000
autumn_leaf,mature,no,800.000000,960.585022,2773.000000
autumn_leaf,mature,no,800.000000,960.278992,2769.000000
autumn_leaf,mature,no,800.000000,959.973999,2755.000000
autumn_leaf,mature,no,800.000000,959.668030,2802.000000
autumn_leaf,mature,no,800.000000,959.362000,2728.000000
autumn_leaf,mature,no,800.000000,959.057007,2770.000000
autumn_leaf,mature,no,800.000000,958.750977,2746.000000
autumn_leaf,mature,no,800.000000,958.445984,2741.000000
autumn_leaf,mature,no,800.000000,958.140015,2753.000000
autumn_leaf,mature,no,800.000000,957.833984,2796.000000
autumn_leaf,mature,no,800.000000,957.528992,2729.000000
autumn_leaf,mature,no,800.000000,957.223022,2758.000000
autumn_leaf,mature,no,800.000000,956.918030,2780.000000
autumn_leaf,mature,no,800.000000,956.612000,2759.000000
autumn_leaf,mature,no,800.000000,956.306030,2771.000000
autumn_leaf,mature,no,800.000000,956.000977,2769.000000
autumn_leaf,mature,no,800.000000,955.695007,2758.000000
autumn_leaf,mature,no,800.000000,955.390015,2798.000000
autumn_leaf,mature,no,800.000000,955.083984,2815.000000
autumn_leaf,mature,no,800.000000,954.778015,2746.000000
autumn_leaf,mature,no,800.000000,954.473022,2784.000000
autumn_leaf,mature,no,800.000000,954.166992,2751.000000
autumn_leaf,mature,no,800.000000,953.862000,2772.000000
autumn_leaf,mature,no,800.000000,953.556030,2784.000000
autumn_leaf,mature,no,800.000000,953.250000,2783.000000
autumn_leaf,mature,no,800.000000,952.945007,2765.000000
autumn_leaf,mature,no,800.000000,952.638977,2783.000000
autumn_leaf,mature,no,800.000000,952.333984,2752.000000
autumn_leaf,mature,no,800.000000,952.028015,2764.000000
autumn_leaf,mature,no,800.000000,951.721985,2727.000000
autumn_leaf,mature,no,800.000000,951.416992,2834.000000
autumn_leaf,mature,no,800.000000,951.111023,2846.000000
autumn_leaf,mature,no,800.000000,950.806030,2782.000000
autumn_leaf,mature,no,800.000000,950.500000,2784.000000
autumn_leaf,mature,no,800.000000,950.193970,2762.000000
autumn_leaf,mature,no,800.000000,949.888977,2848.000000
autumn_leaf,mature,no,800.000000,949.583008,2756.000000
autumn_leaf,mature,no,800.000000,949.278015,2716.000000
autumn_leaf,mature,no,800.000000,948.971985,2733.000000
autumn_leaf,mature,no,800.000000,948.666016,2746.000000
autumn_leaf,mature,no,800.000000,948.361023,2797.000000
autumn_leaf,mature,no,800.000000,948.054993,2787.000000
autumn_leaf,mature,no,800.000000,947.750000,2774.000000
autumn_leaf,mature,no,800.000000,947.443970,2800.000000
autumn_leaf,mature,no,800.000000,947.138000,2808.000000
autumn_leaf,mature,no,800.000000,946.833008,2775.000000
autumn_leaf,mature,no,800.000000,946.526978,2815.000000
autumn_leaf,mature,no,800.000000,946.221985,2765.000000
autumn_leaf,mature,no,800.000000,945.916016,2761.000000
autumn_leaf,mature,no,800.000000,945.609985,2803.000000
autumn_leaf,mature,no,800.000000,945.304993,2761.000000
autumn_leaf,mature,no,800.000000,944.999023,2760.000000
autumn_leaf,mature,no,800.000000,944.693970,2804.000000
autumn_leaf,mature,no,800.000000,944.388000,2779.000000
autumn_leaf,mature,no,800.000000,944.081970,2777.000000
autumn_leaf,mature,no,800.000000,943.776978,2744.000000
autumn_leaf,mature,no,800.000000,943.471008,2767.000000
autumn_leaf,mature,no,800.000000,943.166016,2752.000000
autumn_leaf,mature,no,800.000000,942.859985,2762.000000
autumn_leaf,mature,no,800.000000,942.554016,2842.000000
autumn_leaf,mature,no,800.000000,942.249023,2745.000000
autumn_leaf,mature,no,800.000000,941.942993,2805.000000
autumn_leaf,mature,no,800.000000,941.638000,2734.000000
autumn_leaf,mature,no,800.000000,941.331970,2802.000000
autumn_leaf,mature,no,800.000000,941.026001,2766.000000
autumn_leaf,mature,no,800.000000,940.721008,2760.000000
autumn_leaf,mature,no,800.000000,940.414978,2801.000000
autumn_leaf,mature,no,800.000000,940.109985,2790.000000
autumn_leaf,mature,no,800.000000,939.804016,2816.000000
autumn_leaf,mature,no,800.000000,939.497986,2830.000000
autumn_leaf,mature,no,800.000000,939.192993,2800.000000
autumn_leaf,mature,no,800.000000,938.887024,2758.000000
autumn_leaf,mature,no,800.000000,938.581970,2805.000000
autumn_leaf,mature,no,800.000000,938.276001,2777.000000
autumn_leaf,mature,no,800.000000,937.969971,2790.000000
autumn_leaf,mature,no,800.000000,937.664978,2762.000000
autumn_leaf,mature,no,800.000000,937.359009,2749.000000
autumn_leaf,mature,no,800.000000,937.054016,2802.000000
autumn_leaf,mature,no,800.000000,936.747986,2798.000000
autumn_leaf,mature,no,800.000000,936.442017,2795.000000
autumn_leaf,mature,no,800.000000,936.137024,2801.000000
autumn_leaf,mature,no,800.000000,935.830994,2757.000000
autumn_leaf,mature,no,800.000000,935.526001,2800.000000
autumn_leaf,mature,no,800.000000,935.219971,2753.000000
autumn_leaf,mature,no,800.000000,934.914001,2734.000000
autumn_leaf,mature,no,800.000000,934.609009,2748.000000
autumn_leaf,mature,no,800.000000,934.302979,2710.000000
autumn_leaf,mature,no,800.000000,933.997986,2776.000000
autumn_leaf,mature,no,800.000000,933.692017,2797.000000
autumn_leaf,mature,no,800.000000,933.385986,2772.000000
autumn_leaf,mature,no,800.000000,933.080994,2776.000000
autumn_leaf,mature,no,800.000000,932.775024,2777.000000
autumn_leaf,mature,no,800.000000,932.469971,2762.000000
autumn_leaf,mature,no,800.000000,932.164001,2732.000000
autumn_leaf,mature,no,800.000000,931.857971,2770.000000
autumn_leaf,mature,no,800.000000,931.552979,2723.000000
autumn_leaf,mature,no,800.000000,931.247009,2758.000000
autumn_leaf,mature,no,800.000000,930.942017,2768.000000
autumn_leaf,mature,no,800.000000,930.635986,2774.000000
autumn_leaf,mature,no,800.000000,930.330017,2728.000000
autumn_leaf,mature,no,800.000000,930.025024,2805.000000
autumn_leaf,mature,no,800.000000,929.718994,2742.000000
autumn_leaf,mature,no,800.000000,929.414001,2797.000000
autumn_leaf,mature,no,800.000000,929.107971,2746.000000
autumn_leaf,mature,no,800.000000,928.802002,2754.000000
autumn_leaf,mature,no,800.000000,928.497009,2736.000000
autumn_leaf,mature,no,800.000000,928.190979,2772.000000
autumn_leaf,mature,no,800.000000,927.885986,2762.000000
autumn_leaf,mature,no,800.000000,927.580017,2809.000000
autumn_leaf,mature,no,800.000000,927.273987,2763.000000
autumn_leaf,mature,no,800.000000,926.968994,2785.000000
autumn_leaf,mature,no,800.000000,926.663025,2824.000000
autumn_leaf,mature,no,800.000000,926.357971,2754.000000
autumn_leaf,mature,no,800.000000,926.052002,2737.000000
autumn_leaf,mature,no,800.000000,925.745972,2764.000000
autumn_leaf,mature,no,800.000000,925.440979,2713.000000
autumn_leaf,mature,no,800.000000,925.135010,2756.000000
autumn_leaf,mature,no,800.000000,924.830017,2793.000000
autumn_leaf,mature,no,800.000000,924.523987,2800.000000
autumn_leaf,mature,no,800.000000,924.218018,2774.000000
autumn_leaf,mature,no,800.000000,923.913025,2757.000000
autumn_leaf,mature,no,800.000000,923.606995,2789.000000
autumn_leaf,mature,no,800.000000,923.302002,2721.000000
autumn_leaf,mature,no,800.000000,922.995972,2757.000000
autumn_leaf,mature,no,800.000000,922.690002,2731.000000
autumn_leaf,mature,no,800.000000,922.385010,2769.000000
autumn_leaf,mature,no,800.000000,922.078979,2785.000000
autumn_leaf,mature,no,800.000000,921.773987,2779.000000
autumn_leaf,mature,no,800.000000,921.468018,2745.000000
autumn_leaf,mature,no,800.000000,921.161987,2785.000000
autumn_leaf,mature,no,800.000000,920.856995,2778.000000
autumn_leaf,mature,no,800.000000,920.551025,2789.000000
autumn_leaf,mature,no,800.000000,920.245972,2745.000000
autumn_leaf,mature,no,800.000000,919.940002,2758.000000
autumn_leaf,mature,no,800.000000,919.633972,2748.000000
autumn_leaf,mature,no,800.000000,919.328979,2793.000000
autumn_leaf,mature,no,800.000000,919.023010,2771.000000
autumn_leaf,mature,no,800.000000,918.718018,2799.000000
autumn_leaf,mature,no,800.000000,918.411987,2821.000000
autumn_leaf,mature,no,800.000000,918.106018,2760.000000
autumn_leaf,mature,no,800.000000,917.801025,2786.000000
autumn_leaf,mature,no,800.000000,917.494995,2810.000000
autumn_leaf,mature,no,800.000000,917.190002,2787.000000
autumn_leaf,mature,no,800.000000,916.883972,2763.000000
autumn_leaf,mature,no,800.000000,916.578003,2755.000000
autumn_leaf,mature,no,800.000000,916.273010,2775.000000
autumn_leaf,mature,no,800.000000,915.966980,2756.000000
autumn_leaf,mature,no,800.000000,915.661987,2791.000000
autumn_leaf,mature,no,800.000000,915.356018,2781.000000
autumn_leaf,mature,no,800.000000,915.049988,2718.000000
autumn_leaf,mature,no,800.000000,914.744995,2781.000000
autumn_leaf,mature,no,800.000000,914.439026,2773.000000
autumn_leaf,mature,no,800.000000,914.133972,2780.000000
autumn_leaf,mature,no,800.000000,913.828003,2759.000000
autumn_leaf,mature,no,800.000000,913.521973,2806.000000
autumn_leaf,mature,no,800.000000,913.216980,2758.000000
autumn_leaf,mature,no,800.000000,912.911011,2789.000000
autumn_leaf,mature,no,800.000000,912.606018,2776.000000
autumn_leaf,mature,no,800.000000,912.299988,2790.000000
autumn_leaf,mature,no,800.000000,911.997009,2765.000000
autumn_leaf,mature,no,800.000000,911.695007,2769.000000
autumn_leaf,mature,no,800.000000,911.392029,2760.000000
autumn_leaf,mature,no,800.000000,911.090027,2734.000000
autumn_leaf,mature,no,800.000000,910.786987,2755.000000
autumn_leaf,mature,no,800.000000,910.484009,2800.000000
autumn_leaf,mature,no,800.000000,910.182007,2756.000000
autumn_leaf,mature,no,800.000000,909.879028,2766.000000
autumn_leaf,mature,no,800.000000,909.575989,2740.000000
autumn_leaf,mature,no,800.000000,909.273987,2793.000000
autumn_leaf,mature,no,800.000000,908.971008,2789.000000
autumn_leaf,mature,no,800.000000,908.669006,2781.000000
autumn_leaf,mature,no,800.000000,908.366028,2761.000000
autumn_leaf,mature,no,800.000000,908.062988,2756.000000
autumn_leaf,mature,no,800.000000,907.760986,2755.000000
autumn_leaf,mature,no,800.000000,907.458008,2732.000000
autumn_leaf,mature,no,800.000000,907.156006,2804.000000
autumn_leaf,mature,no,800.000000,906.853027,2805.000000
autumn_leaf,mature,no,800.000000,906.549988,2802.000000
autumn_leaf,mature,no,800.000000,906.247986,2778.000000
autumn_leaf,mature,no,800.000000,905.945007,2781.000000
autumn_leaf,mature,no,800.000000,905.643005,2766.000000
autumn_leaf,mature,no,800.000000,905.340027,2798.000000
autumn_leaf,mature,no,800.000000,905.036987,2744.000000
autumn_leaf,mature,no,800.000000,904.734985,2724.000000
autumn_leaf,mature,no,800.000000,904.432007,2800.000000
autumn_leaf,mature,no,800.000000,904.129028,2784.000000
autumn_leaf,mature,no,800.000000,903.827026,2828.000000
autumn_leaf,mature,no,800.000000,903.523987,2770.000000
autumn_leaf,mature,no,800.000000,903.221985,2811.000000
autumn_leaf,mature,no,800.000000,902.919006,2733.000000
autumn_leaf,mature,no,800.000000,902.616028,2766.000000
autumn_leaf,mature,no,800.000000,902.314026,2790.000000
autumn_leaf,mature,no,800.000000,902.010986,2749.000000
autumn_leaf,mature,no,800.000000,901.708984,2799.000000
autumn_leaf,mature,no,800.000000,901.406006,2807.000000
autumn_leaf,mature,no,800.000000,901.103027,2750.000000
autumn_leaf,mature,no,800.000000,900.801025,2738.000000
autumn_leaf,mature,no,800.000000,900.497986,2787.000000
autumn_leaf,mature,no,800.000000,900.195984,2795.000000
autumn_leaf,mature,no,800.000000,899.893005,2761.000000
autumn_leaf,mature,no,800.000000,899.590027,2753.000000
autumn_leaf,mature,no,800.000000,899.288025,2753.000000
autumn_leaf,mature,no,800.000000,898.984985,2739.000000
autumn_leaf,mature,no,800.000000,898.682007,2825.000000
autumn_leaf,mature,no,800.000000,898.380005,2769.000000
autumn_leaf,mature,no,800.000000,898.077026,2793.000000
autumn_leaf,mature,no,800.000000,897.775024,2752.000000
autumn_leaf,mature,no,800.000000,897.471985,2787.000000
autumn_leaf,mature,no,800.000000,897.169006,2778.000000
autumn_leaf,mature,no,800.000000,896.867004,2762.000000
autumn_leaf,mature,no,800.000000,896.564026,2720.000000
autumn_leaf,mature,no,800.000000,896.262024,2722.000000
autumn_leaf,mature,no,800.000000,895.958984,2792.000000
autumn_leaf,mature,no,800.000000,895.656006,2795.000000
autumn_leaf,mature,no,800.000000,895.354004,2801.000000
autumn_leaf,mature,no,800.000000,895.051025,2738.000000
autumn_leaf,mature,no,800.000000,894.747986,2769.000000
autumn_leaf,mature,no,800.000000,894.445984,2774.000000
autumn_leaf,mature,no,800.000000,894.143005,2733.000000
autumn_leaf,mature,no,800.000000,893.841003,2772.000000
autumn_leaf,mature,no,800.000000,893.538025,2740.000000
autumn_leaf,mature,no,800.000000,893.234985,2731.000000
autumn_leaf,mature,no,800.000000,892.932983,2776.000000
autumn_leaf,mature,no,800.000000,892.630005,2751.000000
autumn_leaf,mature,no,800.000000,892.328003,2832.000000
autumn_leaf,mature,no,800.000000,892.025024,2808.000000
autumn_leaf,mature,no,800.000000,891.721985,2799.000000
autumn_leaf,mature,no,800.000000,891.419983,2759.000000
autumn_leaf,mature,no,800.000000,891.117004,2782.000000
autumn_leaf,mature,no,800.000000,890.814026,2762.000000
autumn_leaf,mature,no,800.000000,890.512024,2791.000000
autumn_leaf,mature,no,800.000000,890.208984,2747.000000
autumn_leaf,mature,no,800.000000,889.906982,2744.000000
autumn_leaf,mature,no,800.000000,889.604004,2775.000000
autumn_leaf,mature,no,800.000000,889.301025,2798.000000
autumn_leaf,mature,no,800.000000,888.999023,2812.000000
autumn_leaf,mature,no,800.000000,888.695984,2802.000000
autumn_leaf,mature,no,800.000000,888.393982,2736.000000
autumn_leaf,mature,no,800.000000,888.091003,2764.000000
autumn_leaf,mature,no,800.000000,887.788025,2770.000000
autumn_leaf,mature,no,800.000000,887.486023,2788.000000
autumn_leaf,mature,no,800.000000,887.182983,2761.000000
autumn_leaf,mature,no,800.000000,886.880981,2741.000000
autumn_leaf,mature,no,800.000000,886.578003,2786.000000
autumn_leaf,mature,no,800.000000,886.275024,2808.000000
autumn_leaf,mature,no,800.000000,885.973022,2760.000000
autumn_leaf,mature,no,800.000000,885.669983,2797.000000
autumn_leaf,mature,no,800.000000,885.367004,2748.000000
autumn_leaf,mature,no,800.000000,885.065002,2780.000000
autumn_leaf,mature,no,800.000000,884.762024,2780.000000
autumn_leaf,mature,no,800.000000,884.460022,2748.000000
autumn_leaf,mature,no,800.000000,884.156982,2738.000000
autumn_leaf,mature,no,800.000000,883.854004,2767.000000
autumn_leaf,mature,no,800.000000,883.552002,2798.000000
autumn_leaf,mature,no,800.000000,883.249023,2785.000000
autumn_leaf,mature,no,800.000000,882.947021,2757.000000
autumn_leaf,mature,no,800.000000,882.643982,2770.000000
autumn_leaf,mature,no,800.000000,882.341003,2788.000000
autumn_leaf,mature,no,800.000000,882.039001,2780.000000
autumn_leaf,mature,no,800.000000,881.736023,2738.000000
autumn_leaf,mature,no,800.000000,881.434021,2758.000000
autumn_leaf,mature,no,800.000000,881.130981,2787.000000
autumn_leaf,mature,no,800.000000,880.828003,2807.000000
autumn_leaf,mature,no,800.000000,880.526001,2769.000000
autumn_leaf,mature,no,800.000000,880.223022,2788.000000
autumn_leaf,mature,no,800.000000,879.919983,2772.000000
autumn_leaf,mature,no,800.000000,879.617981,2771.000000
autumn_leaf,mature,no,800.000000,879.315002,2788.000000
autumn_leaf,mature,no,800.000000,879.013000,2745.000000
autumn_leaf,mature,no,800.000000,878.710022,2737.000000
autumn_leaf,mature,no,800.000000,878.406982,2765.000000
autumn_leaf,mature,no,800.000000,878.104980,2759.000000
autumn_leaf,mature,no,800.000000,877.802002,2777.000000
autumn_leaf,mature,no,800.000000,877.500000,2791.000000
autumn_leaf,mature,no,800.000000,877.197021,2810.000000
autumn_leaf,mature,no,800.000000,876.893982,2813.000000
autumn_leaf,mature,no,800.000000,876.591980,2760.000000
autumn_leaf,mature,no,800.000000,876.289001,2753.000000
autumn_leaf,mature,no,800.000000,875.986023,2739.000000
autumn_leaf,mature,no,800.000000,875.684021,2757.000000
autumn_leaf,mature,no,800.000000,875.380981,2820.000000
autumn_leaf,mature,no,800.000000,875.078979,2826.000000
autumn_leaf,mature,no,800.000000,874.776001,2802.000000
autumn_leaf,mature,no,800.000000,874.473022,2835.000000
autumn_leaf,mature,no,800.000000,874.171021,2797.000000
autumn_leaf,mature,no,800.000000,873.867981,2758.000000
autumn_leaf,mature,no,800.000000,873.565979,2763.000000
autumn_leaf,mature,no,800.000000,873.263000,2796.000000
autumn_leaf,mature,no,800.000000,872.960022,2736.000000
autumn_leaf,mature,no,800.000000,872.658020,2744.000000
autumn_leaf,mature,no,800.000000,872.354980,2767.000000
autumn_leaf,mature,no,800.000000,872.052979,2736.000000
autumn_leaf,mature,no,800.000000,871.750000,2788.000000
autumn_leaf,mature,no,800.000000,871.447021,2832.000000
autumn_leaf,mature,no,800.000000,871.145020,2772.000000
autumn_leaf,mature,no,800.000000,870.841980,2773.000000
autumn_leaf,mature,no,800.000000,870.539001,2740.000000
autumn_leaf,mature,no,800.000000,870.237000,2743.000000
autumn_leaf,mature,no,800.000000,869.934021,2798.000000
autumn_leaf,mature,no,800.000000,869.632019,2769.000000
autumn_leaf,mature,no,800.000000,869.328979,2776.000000
autumn_leaf,mature,no,800.000000,869.026001,2819.000000
autumn_leaf,mature,no,800.000000,868.723999,2765.000000
autumn_leaf,mature,no,800.000000,868.421021,2753.000000
autumn_leaf,mature,no,800.000000,868.119019,2771.000000
autumn_leaf,mature,no,800.000000,867.815979,2794.000000
autumn_leaf,mature,no,800.000000,867.513000,2755.000000
autumn_leaf,mature,no,800.000000,867.210999,2798.000000
autumn_leaf,mature,no,800.000000,866.908020,2771.000000
autumn_leaf,mature,no,800.000000,866.606018,2752.000000
autumn_leaf,mature,no,800.000000,866.302979,2755.000000
autumn_leaf,mature,no,800.000000,866.000000,2782.000000
autumn_leaf,mature,no,800.000000,865.697998,2771.000000
autumn_leaf,mature,no,800.000000,865.395020,2791.000000
autumn_leaf,mature,no,800.000000,865.091980,2775.000000
autumn_leaf,mature,no,800.000000,864.789978,2716.000000
autumn_leaf,mature,no,800.000000,864.487000,2729.000000
autumn_leaf,mature,no,800.000000,864.184998,2739.000000
autumn_leaf,mature,no,800.000000,863.882019,2778.000000
autumn_leaf,mature,no,800.000000,863.578979,2759.000000
autumn_leaf,mature,no,800.000000,863.276978,2751.000000
autumn_leaf,mature,no,800.000000,862.973999,2766.000000
autumn_leaf,mature,no,800.000000,862.671997,2793.000000
autumn_leaf,mature,no,800.000000,862.369019,2775.000000
autumn_leaf,mature,no,800.000000,862.065979,2752.000000
autumn_leaf,mature,no,800.000000,861.763977,2759.000000
autumn_leaf,mature,no,800.000000,861.460999,2751.000000
autumn_leaf,mature,no,800.000000,861.158020,2769.000000
autumn_leaf,mature,no,800.000000,860.856018,2812.000000
autumn_leaf,mature,no,800.000000,860.552979,2764.000000
autumn_leaf,mature,no,800.000000,860.250977,2791.000000
autumn_leaf,mature,no,800.000000,859.947998,2794.000000
autumn_leaf,mature,no,800.000000,859.645020,2780.000000
autumn_leaf,mature,no,800.000000,859.343018,2724.000000
autumn_leaf,mature,no,800.000000,859.039978,2743.000000
autumn_leaf,mature,no,800.000000,858.737976,2768.000000
autumn_leaf,mature,no,800.000000,858.434998,2755.000000
autumn_leaf,mature,no,800.000000,858.132019,2792.000000
autumn_leaf,mature,no,800.000000,857.830017,2756.000000
autumn_leaf,mature,no,800.000000,857.526978,2824.000000
autumn_leaf,mature,no,800.000000,857.224976,2796.000000
autumn_leaf,mature,no,800.000000,856.921997,2770.000000
autumn_leaf,mature,no,800.000000,856.619019,2758.000000
autumn_leaf,mature,no,800.000000,856.317017,2764.000000
autumn_leaf,mature,no,800.000000,856.013977,2808.000000
autumn_leaf,mature,no,800.000000,855.710999,2770.000000
autumn_leaf,mature,no,800.000000,855.408997,2736.000000
autumn_leaf,mature,no,800.000000,855.106018,2763.000000
autumn_leaf,mature,no,800.000000,854.804016,2758.000000
autumn_leaf,mature,no,800.000000,854.500977,2756.000000
autumn_leaf,mature,no,800.000000,854.197998,2771.000000
autumn_leaf,mature,no,800.000000,853.895996,2795.000000
autumn_leaf,mature,no,800.000000,853.593018,2759.000000
autumn_leaf,mature,no,800.000000,853.291016,2762.000000
autumn_leaf,mature,no,800.000000,852.987976,2758.000000
autumn_leaf,mature,no,800.000000,852.684998,2813.000000
autumn_leaf,mature,no,800.000000,852.382996,2760.000000
autumn_leaf,mature,no,800.000000,852.080017,2800.000000
autumn_leaf,mature,no,800.000000,851.776978,2746.000000
autumn_leaf,mature,no,800.000000,851.474976,2803.000000
autumn_leaf,mature,no,800.000000,851.171997,2816.000000
autumn_leaf,mature,no,800.000000,850.869995,2809.000000
autumn_leaf,mature,no,800.000000,850.567017,2780.000000
autumn_leaf,mature,no,800.000000,850.263977,2808.000000
autumn_leaf,mature,no,800.000000,849.961975,2812.000000
autumn_leaf,mature,no,800.000000,849.658997,2748.000000
autumn_leaf,mature,no,800.000000,849.356995,2768.000000
autumn_leaf,mature,no,800.000000,849.054016,2778.000000
autumn_leaf,mature,no,800.000000,848.750977,2771.000000
autumn_leaf,mature,no,800.000000,848.448975,2762.000000
autumn_leaf,mature,no,800.000000,848.145996,2820.000000
autumn_leaf,mature,no,800.000000,847.843994,2770.000000
autumn_leaf,mature,no,800.000000,847.541016,2797.000000
autumn_leaf,mature,no,800.000000,847.237976,2772.000000
autumn_leaf,mature,no,800.000000,846.935974,2737.000000
autumn_leaf,mature,no,800.000000,846.632996,2776.000000
autumn_leaf,mature,no,800.000000,846.330017,2789.000000
autumn_leaf,mature,no,800.000000,846.028015,2793.000000
autumn_leaf,mature,no,800.000000,845.724976,2800.000000
autumn_leaf,mature,no,800.000000,845.422974,2818.000000
autumn_leaf,mature,no,800.000000,845.119995,2800.000000
autumn_leaf,mature,no,800.000000,844.817017,2761.000000
autumn_leaf,mature,no,800.000000,844.515015,2793.000000
autumn_leaf,mature,no,800.000000,844.211975,2805.000000
autumn_leaf,mature,no,800.000000,843.909973,2778.000000
autumn_leaf,mature,no,800.000000,843.606995,2728.000000
autumn_leaf,mature,no,800.000000,843.304016,2778.000000
autumn_leaf,mature,no,800.000000,843.002014,2759.000000
autumn_leaf,mature,no,800.000000,842.698975,2782.000000
autumn_leaf,mature,no,800.000000,842.395996,2752.000000
autumn_leaf,mature,no,800.000000,842.093994,2787.000000
autumn_leaf,mature,no,800.000000,841.791016,2736.000000
autumn_leaf,mature,no,800.000000,841.489014,2748.000000
autumn_leaf,mature,no,800.000000,841.185974,2777.000000
autumn_leaf,mature,no,800.000000,840.882996,2750.000000
autumn_leaf,mature,no,800.000000,840.580994,2752.000000
autumn_leaf,mature,no,800.000000,840.278015,2748.000000
autumn_leaf,mature,no,800.000000,839.976013,2825.000000
autumn_leaf,mature,no,800.000000,839.672974,2818.000000
autumn_leaf,mature,no,800.000000,839.369995,2780.000000
autumn_leaf,mature,no,800.000000,839.067993,2732.000000
autumn_leaf,mature,no,800.000000,838.765015,2719.000000
autumn_leaf,mature,no,800.000000,838.463013,2779.000000
autumn_leaf,mature,no,800.000000,838.159973,2772.000000
autumn_leaf,mature,no,800.000000,837.856995,2822.000000
autumn_leaf,mature,no,800.000000,837.554993,2802.000000
autumn_leaf,mature,no,800.000000,837.252014,2787.000000
autumn_leaf,mature,no,800.000000,836.948975,2835.000000
autumn_leaf,mature,no,800.000000,836.646973,2784.000000
autumn_leaf,mature,no,800.000000,836.343994,2834.000000
autumn_leaf,mature,no,800.000000,836.041992,2765.000000
autumn_leaf,mature,no,800.000000,835.739014,2775.000000
autumn_leaf,mature,no,800.000000,835.435974,2808.000000
autumn_leaf,mature,no,800.000000,835.133972,2827.000000
autumn_leaf,mature,no,800.000000,834.830994,2773.000000
autumn_leaf,mature,no,800.000000,834.528992,2770.000000
autumn_leaf,mature,no,800.000000,834.226013,2782.000000
autumn_leaf,mature,no,800.000000,833.922974,2853.000000
autumn_leaf,mature,no,800.000000,833.620972,2772.000000
autumn_leaf,mature,no,800.000000,833.317993,2771.000000
autumn_leaf,mature,no,800.000000,833.015015,2794.000000
autumn_leaf,mature,no,800.000000,832.713013,2803.000000
autumn_leaf,mature,no,800.000000,832.409973,2794.000000
autumn_leaf,mature,no,800.000000,832.107971,2761.000000
autumn_leaf,mature,no,800.000000,831.804993,2778.000000
autumn_leaf,mature,no,800.000000,831.502014,2753.000000
autumn_leaf,mature,no,800.000000,831.200012,2767.000000
autumn_leaf,mature,no,800.000000,830.896973,2792.000000
autumn_leaf,mature,no,800.000000,830.594971,2748.000000
autumn_leaf,mature,no,800.000000,830.291992,2828.000000
autumn_leaf,mature,no,800.000000,829.989014,2779.000000
autumn_leaf,mature,no,800.000000,829.687012,2798.000000
autumn_leaf,mature,no,800.000000,829.383972,2809.000000
autumn_leaf,mature,no,800.000000,829.081970,2823.000000
autumn_leaf,mature,no,800.000000,828.778992,2808.000000
autumn_leaf,mature,no,800.000000,828.476013,2802.000000
autumn_leaf,mature,no,800.000000,828.174011,2744.000000
autumn_leaf,mature,no,800.000000,827.870972,2755.000000
autumn_leaf,mature,no,800.000000,827.567993,2772.000000
autumn_leaf,mature,no,800.000000,827.265991,2769.000000
autumn_leaf,mature,no,800.000000,826.963013,2769.000000
autumn_leaf,mature,no,800.000000,826.661011,2772.000000
autumn_leaf,mature,no,800.000000,826.357971,2827.000000
autumn_leaf,mature,no,800.000000,826.054993,2803.000000
autumn_leaf,mature,no,800.000000,825.752991,2787.000000
autumn_leaf,mature,no,800.000000,825.450012,2754.000000
autumn_leaf,mature,no,800.000000,825.148010,2836.000000
autumn_leaf,mature,no,800.000000,824.844971,2807.000000
autumn_leaf,mature,no,800.000000,824.541992,2743.000000
autumn_leaf,mature,no,800.000000,824.239990,2781.000000
autumn_leaf,mature,no,800.000000,823.937012,2769.000000
autumn_leaf,mature,no,800.000000,823.635010,2800.000000
autumn_leaf,mature,no,800.000000,823.331970,2761.000000
autumn_leaf,mature,no,800.000000,823.028992,2794.000000
autumn_leaf,mature,no,800.000000,822.726990,2751.000000
autumn_leaf,mature,no,800.000000,822.424011,2797.000000
autumn_leaf,mature,no,800.000000,822.120972,2795.000000
autumn_leaf,mature,no,800.000000,821.818970,2810.000000
autumn_leaf,mature,no,800.000000,821.515991,2830.000000
autumn_leaf,mature,no,800.000000,821.213989,2776.000000
autumn_leaf,mature,no,800.000000,820.911011,2778.000000
autumn_leaf,mature,no,800.000000,820.607971,2791.000000
autumn_leaf,mature,no,800.000000,820.306030,2786.000000
autumn_leaf,mature,no,800.000000,820.002991,2792.000000
autumn_leaf,mature,no,800.000000,819.700989,2800.000000
autumn_leaf,mature,no,800.000000,819.398010,2791.000000
autumn_leaf,mature,no,800.000000,819.094971,2801.000000
autumn_leaf,mature,no,800.000000,818.793030,2757.000000
autumn_leaf,mature,no,800.000000,818.489990,2777.000000
autumn_leaf,mature,no,800.000000,818.187012,2734.000000
autumn_leaf,mature,no,800.000000,817.885010,2760.000000
autumn_leaf,mature,no,800.000000,817.581970,2774.000000
autumn_leaf,mature,no,800.000000,817.280029,2808.000000
autumn_leaf,mature,no,800.000000,816.976990,2807.000000
autumn_leaf,mature,no,800.000000,816.674011,2805.000000
autumn_leaf,mature,no,800.000000,816.372009,2796.000000
autumn_leaf,mature,no,800.000000,816.068970,2808.000000
autumn_leaf,mature,no,800.000000,815.767029,2757.000000
autumn_leaf,mature,no,800.000000,815.463989,2793.000000
autumn_leaf,mature,no,800.000000,815.161011,2799.000000
autumn_leaf,mature,no,800.000000,814.859009,2758.000000
autumn_leaf,mature,no,800.000000,814.556030,2843.000000
autumn_leaf,mature,no,800.000000,814.254028,2784.000000
autumn_leaf,mature,no,800.000000,813.950989,2764.000000
autumn_leaf,mature,no,800.000000,813.648010,2808.000000
autumn_leaf,mature,no,800.000000,813.346008,2840.000000
autumn_leaf,mature,no,800.000000,813.043030,2760.000000
autumn_leaf,mature,no,800.000000,812.739990,2740.000000
autumn_leaf,mature,no,800.000000,812.437988,2764.000000
autumn_leaf,mature,no,800.000000,812.135010,2779.000000
autumn_leaf,mature,no,800.000000,811.833008,2693.000000
autumn_leaf,mature,no,800.000000,811.530029,2837.000000
autumn_leaf,mature,no,800.000000,811.229980,2752.000000
autumn_leaf,mature,no,800.000000,810.929993,2841.000000
autumn_leaf,mature,no,800.000000,810.629028,2791.000000
autumn_leaf,mature,no,800.000000,810.328979,2771.000000
autumn_leaf,mature,no,800.000000,810.028992,2813.000000
autumn_leaf,mature,no,800.000000,809.729004,2778.000000
autumn_leaf,mature,no,800.000000,809.429016,2792.000000
autumn_leaf,mature,no,800.000000,809.129028,2776.000000
autumn_leaf,mature,no,800.000000,808.828003,2767.000000
autumn_leaf,mature,no,800.000000,808.528015,2793.000000
autumn_leaf,mature,no,800.000000,808.228027,2784.000000
autumn_leaf,mature,no,800.000000,807.927979,2810.000000
autumn_leaf,mature,no,800.000000,807.627991,2813.000000
autumn_leaf,mature,no,800.000000,807.327026,2789.000000
autumn_leaf,mature,no,800.000000,807.026978,2765.000000
autumn_leaf,mature,no,800.000000,806.726990,2787.000000
autumn_leaf,mature,no,800.000000,806.427002,2793.000000
autumn_leaf,mature,no,800.000000,806.127014,2795.000000
autumn_leaf,mature,no,800.000000,805.825989,2823.000000
autumn_leaf,mature,no,800.000000,805.526001,2831.000000
autumn_leaf,mature,no,800.000000,805.226013,2819.000000
autumn_leaf,mature,no,800.000000,804.926025,2823.000000
autumn_leaf,mature,no,800.000000,804.625977,2838.000000
autumn_leaf,mature,no,800.000000,804.325989,2783.000000
autumn_leaf,mature,no,800.000000,804.025024,2829.000000
autumn_leaf,mature,no,800.000000,803.724976,2812.000000
autumn_leaf,mature,no,800.000000,803.424988,2871.000000
autumn_leaf,mature,no,800.000000,803.125000,2895.000000
autumn_leaf,mature,no,800.000000,802.825012,2968.000000
autumn_leaf,mature,no,800.000000,802.523987,2989.000000
autumn_leaf,mature,no,800.000000,802.223999,3032.000000
autumn_leaf,mature,no,800.000000,801.924011,3193.000000
autumn_leaf,mature,no,800.000000,801.624023,3332.000000
autumn_leaf,mature,no,800.000000,801.323975,3492.000000
autumn_leaf,mature,no,800.000000,801.023010,3613.000000
autumn_leaf,mature,no,800.000000,800.723022,3830.000000
autumn_leaf,mature,no,800.000000,800.422974,4119.000000
autumn_leaf,mature,no,800.000000,800.122986,4360.000000
autumn_leaf,mature,no,800.000000,799.822998,4702.000000
autumn_leaf,mature,no,800.000000,799.523010,5024.000000
autumn_leaf,mature,no,800.000000,799.221985,5485.000000
autumn_leaf,mature,no,800.000000,798.921997,6058.000000
autumn_leaf,mature,no,800.000000,798.622009,6581.000000
autumn_leaf,mature,no,800.000000,798.322021,7112.000000
autumn_leaf,mature,no,800.000000,798.021973,7552.000000
autumn_leaf,mature,no,800.000000,797.721008,8005.000000
autumn_leaf,mature,no,800.000000,797.421021,8566.000000
autumn_leaf,mature,no,800.000000,797.120972,8949.000000
autumn_leaf,mature,no,800.000000,796.820984,9319.000000
autumn_leaf,mature,no,800.000000,796.520996,9595.000000
autumn_leaf,mature,no,800.000000,796.219971,9592.000000
autumn_leaf,mature,no,800.000000,795.919983,9147.000000
autumn_leaf,mature,no,800.000000,795.619995,8520.000000
autumn_leaf,mature,no,800.000000,795.320007,7511.000000
autumn_leaf,mature,no,800.000000,795.020020,6597.000000
autumn_leaf,mature,no,800.000000,794.719971,5722.000000
autumn_leaf,mature,no,800.000000,794.419006,4960.000000
autumn_leaf,mature,no,800.000000,794.119019,4147.000000
autumn_leaf,mature,no,800.000000,793.818970,3619.000000
autumn_leaf,mature,no,800.000000,793.518982,3218.000000
autumn_leaf,mature,no,800.000000,793.218994,2979.000000
autumn_leaf,mature,no,800.000000,792.918030,2907.000000
autumn_leaf,mature,no,800.000000,792.617981,2782.000000
autumn_leaf,mature,no,800.000000,792.317993,2844.000000
autumn_leaf,mature,no,800.000000,792.018005,2783.000000
autumn_leaf,mature,no,800.000000,791.718018,2796.000000
autumn_leaf,mature,no,800.000000,791.416992,2738.000000
autumn_leaf,mature,no,800.000000,791.117004,2790.000000
autumn_leaf,mature,no,800.000000,790.817017,2769.000000
autumn_leaf,mature,no,800.000000,790.517029,2789.000000
autumn_leaf,mature,no,800.000000,790.216980,2781.000000
autumn_leaf,mature,no,800.000000,789.916992,2803.000000
autumn_leaf,mature,no,800.000000,789.616028,2800.000000
autumn_leaf,mature,no,800.000000,789.315979,2771.000000
autumn_leaf,mature,no,800.000000,789.015991,2787.000000
autumn_leaf,mature,no,800.000000,788.716003,2811.000000
autumn_leaf,mature,no,800.000000,788.416016,2817.000000
autumn_leaf,mature,no,800.000000,788.114990,2798.000000
autumn_leaf,mature,no,800.000000,787.815002,2781.000000
autumn_leaf,mature,no,800.000000,787.515015,2805.000000
autumn_leaf,mature,no,800.000000,787.215027,2750.000000
autumn_leaf,mature,no,800.000000,786.914978,2793.000000
autumn_leaf,mature,no,800.000000,786.614014,2823.000000
autumn_leaf,mature,no,800.000000,786.314026,2764.000000
autumn_leaf,mature,no,800.000000,786.013977,2822.000000
autumn_leaf,mature,no,800.000000,785.713989,2807.000000
autumn_leaf,mature,no,800.000000,785.414001,2841.000000
autumn_leaf,mature,no,800.000000,785.114014,2844.000000
autumn_leaf,mature,no,800.000000,784.812988,2832.000000
autumn_leaf,mature,no,800.000000,784.513000,2785.000000
autumn_leaf,mature,no,800.000000,784.213013,2813.000000
autumn_leaf,mature,no,800.000000,783.913025,2768.000000
autumn_leaf,mature,no,800.000000,783.612976,2772.000000
autumn_leaf,mature,no,800.000000,783.312012,2781.000000
autumn_leaf,mature,no,800.000000,783.012024,2740.000000
autumn_leaf,mature,no,800.000000,782.711975,2810.000000
autumn_leaf,mature,no,800.000000,782.411987,2838.000000
autumn_leaf,mature,no,800.000000,782.112000,2792.000000
autumn_leaf,mature,no,800.000000,781.810974,2782.000000
autumn_leaf,mature,no,800.000000,781.510986,2785.000000
autumn_leaf,mature,no,800.000000,781.210999,2801.000000
autumn_leaf,mature,no,800.000000,780.911011,2796.000000
autumn_leaf,mature,no,800.000000,780.611023,2780.000000
autumn_leaf,mature,no,800.000000,780.310974,2806.000000
autumn_leaf,mature,no,800.000000,780.010010,2822.000000
autumn_leaf,mature,no,800.000000,779.710022,2783.000000
autumn_leaf,mature,no,800.000000,779.409973,2781.000000
autumn_leaf,mature,no,800.000000,779.109985,2806.000000
autumn_leaf,mature,no,800.000000,778.809998,2782.000000
autumn_leaf,mature,no,800.000000,778.508972,2788.000000
autumn_leaf,mature,no,800.000000,778.208984,2761.000000
autumn_leaf,mature,no,800.000000,777.908997,2758.000000
autumn_leaf,mature,no,800.000000,777.609009,2778.000000
autumn_leaf,mature,no,800.000000,777.309021,2736.000000
autumn_leaf,mature,no,800.000000,777.007996,2806.000000
autumn_leaf,mature,no,800.000000,776.708008,2800.000000
autumn_leaf,mature,no,800.000000,776.408020,2775.000000
autumn_leaf,mature,no,800.000000,776.107971,2789.000000
autumn_leaf,mature,no,800.000000,775.807983,2792.000000
autumn_leaf,mature,no,800.000000,775.507996,2780.000000
autumn_leaf,mature,no,800.000000,775.206970,2749.000000
autumn_leaf,mature,no,800.000000,774.906982,2779.000000
autumn_leaf,mature,no,800.000000,774.606995,2737.000000
autumn_leaf,mature,no,800.000000,774.307007,2812.000000
autumn_leaf,mature,no,800.000000,774.007019,2784.000000
autumn_leaf,mature,no,800.000000,773.705994,2803.000000
autumn_leaf,mature,no,800.000000,773.406006,2766.000000
autumn_leaf,mature,no,800.000000,773.106018,2760.000000
autumn_leaf,mature,no,800.000000,772.806030,2788.000000
autumn_leaf,mature,no,800.000000,772.505981,2765.000000
autumn_leaf,mature,no,800.000000,772.205017,2811.000000
autumn_leaf,mature,no,800.000000,771.905029,2747.000000
autumn_leaf,mature,no,800.000000,771.604980,2750.000000
autumn_leaf,mature,no,800.000000,771.304993,2779.000000
autumn_leaf,mature,no,800.000000,771.005005,2782.000000
autumn_leaf,mature,no,800.000000,770.705017,2772.000000
autumn_leaf,mature,no,800.000000,770.403992,2791.000000
autumn_leaf,mature,no,800.000000,770.104004,2812.000000
autumn_leaf,mature,no,800.000000,769.804016,2792.000000
autumn_leaf,mature,no,800.000000,769.504028,2798.000000
autumn_leaf,mature,no,800.000000,769.203979,2732.000000
autumn_leaf,mature,no,800.000000,768.903015,2753.000000
autumn_leaf,mature,no,800.000000,768.603027,2861.000000
autumn_leaf,mature,no,800.000000,768.302979,2804.000000
autumn_leaf,mature,no,800.000000,768.002991,2804.000000
autumn_leaf,mature,no,800.000000,767.703003,2786.000000
autumn_leaf,mature,no,800.000000,767.401978,2788.000000
autumn_leaf,mature,no,800.000000,767.101990,2752.000000
autumn_leaf,mature,no,800.000000,766.802002,2768.000000
autumn_leaf,mature,no,800.000000,766.502014,2798.000000
autumn_leaf,mature,no,800.000000,766.202026,2769.000000
autumn_leaf,mature,no,800.000000,765.901978,2770.000000
autumn_leaf,mature,no,800.000000,765.601013,2798.000000
autumn_leaf,mature,no,800.000000,765.301025,2836.000000
autumn_leaf,mature,no,800.000000,765.000977,2812.000000
autumn_leaf,mature,no,800.000000,764.700989,2791.000000
autumn_leaf,mature,no,800.000000,764.401001,2762.000000
autumn_leaf,mature,no,800.000000,764.099976,2789.000000
autumn_leaf,mature,no,800.000000,763.799988,2769.000000
autumn_leaf,mature,no,800.000000,763.500000,2790.000000
autumn_leaf,mature,no,800.000000,763.205017,2767.000000
autumn_leaf,mature,no,800.000000,762.909973,2781.000000
autumn_leaf,mature,no,800.000000,762.614990,2745.000000
autumn_leaf,mature,no,800.000000,762.320007,2750.000000
autumn_leaf,mature,no,800.000000,762.025024,2833.000000
autumn_leaf,mature,no,800.000000,761.729980,2788.000000
autumn_leaf,mature,no,800.000000,761.434998,2776.000000
autumn_leaf,mature,no,800.000000,761.140015,2757.000000
autumn_leaf,mature,no,800.000000,760.844971,2730.000000
autumn_leaf,mature,no,800.000000,760.549988,2783.000000
autumn_leaf,mature,no,800.000000,760.255005,2856.000000
autumn_leaf,mature,no,800.000000,759.960022,2832.000000
autumn_leaf,mature,no,800.000000,759.664978,2747.000000
autumn_leaf,mature,no,800.000000,759.369995,2766.000000
autumn_leaf,mature,no,800.000000,759.075012,2793.000000
autumn_leaf,mature,no,800.000000,758.780029,2776.000000
autumn_leaf,mature,no,800.000000,758.484985,2766.000000
autumn_leaf,mature,no,800.000000,758.190002,2739.000000
autumn_leaf,mature,no,800.000000,757.895020,2784.000000
autumn_leaf,mature,no,800.000000,757.599976,2761.000000
autumn_leaf,mature,no,800.000000,757.304993,2779.000000
autumn_leaf,mature,no,800.000000,757.010010,2799.000000
autumn_leaf,mature,no,800.000000,756.716003,2821.000000
autumn_leaf,mature,no,800.000000,756.421021,2782.000000
autumn_leaf,mature,no,800.000000,756.125977,2739.000000
autumn_leaf,mature,no,800.000000,755.830994,2750.000000
autumn_leaf,mature,no,800.000000,755.536011,2728.000000
autumn_leaf,mature,no,800.000000,755.241028,2760.000000
autumn_leaf,mature,no,800.000000,754.945984,2787.000000
autumn_leaf,mature,no,800.000000,754.651001,2740.000000
autumn_leaf,mature,no,800.000000,754.356018,2769.000000
autumn_leaf,mature,no,800.000000,754.060974,2774.000000
autumn_leaf,mature,no,800.000000,753.765991,2780.000000
autumn_leaf,mature,no,800.000000,753.471008,2779.000000
autumn_leaf,mature,no,800.000000,753.176025,2759.000000
autumn_leaf,mature,no,800.000000,752.880981,2749.000000
autumn_leaf,mature,no,800.000000,752.585999,2729.000000
autumn_leaf,mature,no,800.000000,752.291016,2793.000000
autumn_leaf,mature,no,800.000000,751.995972,2799.000000
autumn_leaf,mature,no,800.000000,751.700989,2717.000000
autumn_leaf,mature,no,800.000000,751.406006,2750.000000
autumn_leaf,mature,no,800.000000,751.111023,2780.000000
autumn_leaf,mature,no,800.000000,750.815979,2795.000000
autumn_leaf,mature,no,800.000000,750.520996,2801.000000
autumn_leaf,mature,no,800.000000,750.226013,2817.000000
autumn_leaf,mature,no,800.000000,749.931030,2780.000000
autumn_leaf,mature,no,800.000000,749.635986,2790.000000
autumn_leaf,mature,no,800.000000,749.341003,2771.000000
autumn_leaf,mature,no,800.000000,749.046021,2774.000000
autumn_leaf,mature,no,800.000000,748.750977,2828.000000
autumn_leaf,mature,no,800.000000,748.455994,2803.000000
autumn_leaf,mature,no,800.000000,748.161011,2772.000000
autumn_leaf,mature,no,800.000000,747.866028,2782.000000
autumn_leaf,mature,no,800.000000,747.570984,2821.000000
autumn_leaf,mature,no,800.000000,747.276001,2780.000000
autumn_leaf,mature,no,800.000000,746.981018,2743.000000
autumn_leaf,mature,no,800.000000,746.685974,2764.000000
autumn_leaf,mature,no,800.000000,746.390991,2738.000000
autumn_leaf,mature,no,800.000000,746.096008,2740.000000
autumn_leaf,mature,no,800.000000,745.801025,2769.000000
autumn_leaf,mature,no,800.000000,745.505981,2802.000000
autumn_leaf,mature,no,800.000000,745.210999,2776.000000
autumn_leaf,mature,no,800.000000,744.916016,2776.000000
autumn_leaf,mature,no,800.000000,744.620972,2729.000000
autumn_leaf,mature,no,800.000000,744.325989,2736.000000
autumn_leaf,mature,no,800.000000,744.031006,2752.000000
autumn_leaf,mature,no,800.000000,743.736023,2728.000000
autumn_leaf,mature,no,800.000000,743.442017,2754.000000
autumn_leaf,mature,no,800.000000,743.146973,2776.000000
autumn_leaf,mature,no,800.000000,742.851990,2746.000000
autumn_leaf,mature,no,800.000000,742.557007,2777.000000
autumn_leaf,mature,no,800.000000,742.262024,2778.000000
autumn_leaf,mature,no,800.000000,741.966980,2780.000000
autumn_leaf,mature,no,800.000000,741.671997,2745.000000
autumn_leaf,mature,no,800.000000,741.377014,2767.000000
autumn_leaf,mature,no,800.000000,741.081970,2771.000000
autumn_leaf,mature,no,800.000000,740.786987,2770.000000
autumn_leaf,mature,no,800.000000,740.492004,2774.000000
autumn_leaf,mature,no,800.000000,740.197021,2780.000000
autumn_leaf,mature,no,800.000000,739.901978,2842.000000
autumn_leaf,mature,no,800.000000,739.606995,2770.000000
autumn_leaf,mature,no,800.000000,739.312012,2802.000000
autumn_leaf,mature,no,800.000000,739.017029,2807.000000
autumn_leaf,mature,no,800.000000,738.721985,2814.000000
autumn_leaf,mature,no,800.000000,738.427002,2766.000000
autumn_leaf,mature,no,800.000000,738.132019,2780.000000
autumn_leaf,mature,no,800.000000,737.836975,2762.000000
autumn_leaf,mature,no,800.000000,737.541992,2791.000000
autumn_leaf,mature,no,800.000000,737.247009,2767.000000
autumn_leaf,mature,no,800.000000,736.952026,2771.000000
autumn_leaf,mature,no,800.000000,736.656982,2775.000000
autumn_leaf,mature,no,800.000000,736.362000,2740.000000
autumn_leaf,mature,no,800.000000,736.067017,2768.000000
autumn_leaf,mature,no,800.000000,735.771973,2791.000000
autumn_leaf,mature,no,800.000000,735.476990,2774.000000
autumn_leaf,mature,no,800.000000,735.182007,2784.000000
autumn_leaf,mature,no,800.000000,734.887024,2782.000000
autumn_leaf,mature,no,800.000000,734.591980,2748.000000
autumn_leaf,mature,no,800.000000,734.296997,2777.000000
autumn_leaf,mature,no,800.000000,734.002014,2808.000000
autumn_leaf,mature,no,800.000000,733.706970,2767.000000
autumn_leaf,mature,no,800.000000,733.411987,2780.000000
autumn_leaf,mature,no,800.000000,733.117004,2796.000000
autumn_leaf,mature,no,800.000000,732.822021,2779.000000
autumn_leaf,mature,no,800.000000,732.526978,2811.000000
autumn_leaf,mature,no,800.000000,732.231995,2768.000000
autumn_leaf,mature,no,800.000000,731.937012,2757.000000
autumn_leaf,mature,no,800.000000,731.642029,2780.000000
autumn_leaf,mature,no,800.000000,731.346985,2799.000000
autumn_leaf,mature,no,800.000000,731.052002,2795.000000
autumn_leaf,mature,no,800.000000,730.757019,2757.000000
autumn_leaf,mature,no,800.000000,730.461975,2750.000000
autumn_leaf,mature,no,800.000000,730.166992,2785.000000
autumn_leaf,mature,no,800.000000,729.872986,2770.000000
autumn_leaf,mature,no,800.000000,729.578003,2737.000000
autumn_leaf,mature,no,800.000000,729.283020,2725.000000
autumn_leaf,mature,no,800.000000,728.987976,2744.000000
autumn_leaf,mature,no,800.000000,728.692993,2808.000000
autumn_leaf,mature,no,800.000000,728.398010,2750.000000
autumn_leaf,mature,no,800.000000,728.103027,2779.000000
autumn_leaf,mature,no,800.000000,727.807983,2753.000000
autumn_leaf,mature,no,800.000000,727.513000,2757.000000
autumn_leaf,mature,no,800.000000,727.218018,2777.000000
autumn_leaf,mature,no,800.000000,726.922974,2776.000000
autumn_leaf,mature,no,800.000000,726.627991,2753.000000
autumn_leaf,mature,no,800.000000,726.333008,2780.000000
autumn_leaf,mature,no,800.000000,726.038025,2742.000000
autumn_leaf,mature,no,800.000000,725.742981,2825.000000
autumn_leaf,mature,no,800.000000,725.447998,2811.000000
autumn_leaf,mature,no,800.000000,725.153015,2795.000000
autumn_leaf,mature,no,800.000000,724.857971,2798.000000
autumn_leaf,mature,no,800.000000,724.562988,2780.000000
autumn_leaf,mature,no,800.000000,724.268005,2751.000000
autumn_leaf,mature,no,800.000000,723.973022,2769.000000
autumn_leaf,mature,no,800.000000,723.677979,2762.000000
autumn_leaf,mature,no,800.000000,723.382996,2805.000000
autumn_leaf,mature,no,800.000000,723.088013,2796.000000
autumn_leaf,mature,no,800.000000,722.793030,2767.000000
autumn_leaf,mature,no,800.000000,722.497986,2775.000000
autumn_leaf,mature,no,800.000000,722.203003,2762.000000
autumn_leaf,mature,no,800.000000,721.908020,2738.000000
autumn_leaf,mature,no,800.000000,721.612976,2801.000000
autumn_leaf,mature,no,800.000000,721.317993,2790.000000
autumn_leaf,mature,no,800.000000,721.023010,2751.000000
autumn_leaf,mature,no,800.000000,720.728027,2767.000000
autumn_leaf,mature,no,800.000000,720.432983,2780.000000
autumn_leaf,mature,no,800.000000,720.138000,2804.000000
autumn_leaf,mature,no,800.000000,719.843018,2766.000000
autumn_leaf,mature,no,800.000000,719.547974,2783.000000
autumn_leaf,mature,no,800.000000,719.252991,2781.000000
autumn_leaf,mature,no,800.000000,718.958008,2809.000000
autumn_leaf,mature,no,800.000000,718.663025,2813.000000
autumn_leaf,mature,no,800.000000,718.367981,2756.000000
autumn_leaf,mature,no,800.000000,718.072998,2722.000000
autumn_leaf,mature,no,800.000000,717.778015,2760.000000
autumn_leaf,mature,no,800.000000,717.482971,2773.000000
autumn_leaf,mature,no,800.000000,717.187988,2858.000000
autumn_leaf,mature,no,800.000000,716.893005,2763.000000
autumn_leaf,mature,no,800.000000,716.598022,2807.000000
autumn_leaf,mature,no,800.000000,716.304016,2755.000000
autumn_leaf,mature,no,800.000000,716.008972,2730.000000
autumn_leaf,mature,no,800.000000,715.713989,2772.000000
autumn_leaf,mature,no,800.000000,715.419006,2744.000000
autumn_leaf,mature,no,800.000000,715.124023,2758.000000
autumn_leaf,mature,no,800.000000,714.828979,2744.000000
autumn_leaf,mature,no,800.000000,714.533997,2778.000000
autumn_leaf,mature,no,800.000000,714.239014,2726.000000
autumn_leaf,mature,no,800.000000,713.943970,2786.000000
autumn_leaf,mature,no,800.000000,713.648987,2805.000000
autumn_leaf,mature,no,800.000000,713.354004,2786.000000
autumn_leaf,mature,no,800.000000,713.059021,2791.000000
autumn_leaf,mature,no,800.000000,712.763977,2719.000000
autumn_leaf,mature,no,800.000000,712.468994,2732.000000
autumn_leaf,mature,no,800.000000,712.174011,2780.000000
autumn_leaf,mature,no,800.000000,711.879028,2790.000000
autumn_leaf,mature,no,800.000000,711.583984,2799.000000
autumn_leaf,mature,no,800.000000,711.289001,2751.000000
autumn_leaf,mature,no,800.000000,710.994019,2764.000000
autumn_leaf,mature,no,800.000000,710.698975,2771.000000
autumn_leaf,mature,no,800.000000,710.403992,2757.000000
autumn_leaf,mature,no,800.000000,710.109009,2810.000000
autumn_leaf,mature,no,800.000000,709.814026,2788.000000
autumn_leaf,mature,no,800.000000,709.518982,2755.000000
autumn_leaf,mature,no,800.000000,709.223999,2767.000000
autumn_leaf,mature,no,800.000000,708.929016,2780.000000
autumn_leaf,mature,no,800.000000,708.633972,2841.000000
autumn_leaf,mature,no,800.000000,708.338989,2787.000000
autumn_leaf,mature,no,800.000000,708.044006,2785.000000
autumn_leaf,mature,no,800.000000,707.749023,2728.000000
autumn_leaf,mature,no,800.000000,707.453979,2736.000000
autumn_leaf,mature,no,800.000000,707.158997,2773.000000
autumn_leaf,mature,no,800.000000,706.864014,2685.000000
autumn_leaf,mature,no,800.000000,706.568970,2744.000000
autumn_leaf,mature,no,800.000000,706.273987,2760.000000
autumn_leaf,mature,no,800.000000,705.979004,2824.000000
autumn_leaf,mature,no,800.000000,705.684021,2770.000000
autumn_leaf,mature,no,800.000000,705.388977,2760.000000
autumn_leaf,mature,no,800.000000,705.093994,2760.000000
autumn_leaf,mature,no,800.000000,704.799011,2797.000000
autumn_leaf,mature,no,800.000000,704.504028,2714.000000
autumn_leaf,mature,no,800.000000,704.208984,2752.000000
autumn_leaf,mature,no,800.000000,703.914001,2728.000000
autumn_leaf,mature,no,800.000000,703.619019,2790.000000
autumn_leaf,mature,no,800.000000,703.323975,2782.000000
autumn_leaf,mature,no,800.000000,703.030029,2778.000000
autumn_leaf,mature,no,800.000000,702.734985,2777.000000
autumn_leaf,mature,no,800.000000,702.440002,2777.000000
autumn_leaf,mature,no,800.000000,702.145020,2763.000000
autumn_leaf,mature,no,800.000000,701.849976,2790.000000
autumn_leaf,mature,no,800.000000,701.554993,2773.000000
autumn_leaf,mature,no,800.000000,701.260010,2804.000000
autumn_leaf,mature,no,800.000000,700.965027,2737.000000
autumn_leaf,mature,no,800.000000,700.669983,2790.000000
autumn_leaf,mature,no,800.000000,700.375000,2801.000000
autumn_leaf,mature,no,800.000000,700.080017,2803.000000
autumn_leaf,mature,no,800.000000,699.784973,2793.000000
autumn_leaf,mature,no,800.000000,699.489990,2819.000000
autumn_leaf,mature,no,800.000000,699.195007,2759.000000
autumn_leaf,mature,no,800.000000,698.900024,2695.000000
autumn_leaf,mature,no,800.000000,698.604980,2819.000000
autumn_leaf,mature,no,800.000000,698.309998,2769.000000
autumn_leaf,mature,no,800.000000,698.015015,2794.000000
autumn_leaf,mature,no,800.000000,697.719971,2807.000000
autumn_leaf,mature,no,800.000000,697.424988,2771.000000
autumn_leaf,mature,no,800.000000,697.130005,2775.000000
autumn_leaf,mature,no,800.000000,696.835022,2803.000000
autumn_leaf,mature,no,800.000000,696.539978,2755.000000
autumn_leaf,mature,no,800.000000,696.252014,2753.000000
autumn_leaf,mature,no,800.000000,695.963989,2763.000000
autumn_leaf,mature,no,800.000000,695.676025,2769.000000
autumn_leaf,mature,no,800.000000,695.387024,2770.000000
autumn_leaf,mature,no,800.000000,695.098999,2772.000000
autumn_leaf,mature,no,800.000000,694.810974,2776.000000
autumn_leaf,mature,no,800.000000,694.523010,2749.000000
autumn_leaf,mature,no,800.000000,694.234985,2806.000000
autumn_leaf,mature,no,800.000000,693.947021,2767.000000
autumn_leaf,mature,no,800.000000,693.658997,2777.000000
autumn_leaf,mature,no,800.000000,693.369995,2764.000000
autumn_leaf,mature,no,800.000000,693.081970,2716.000000
autumn_leaf,mature,no,800.000000,692.794006,2752.000000
autumn_leaf,mature,no,800.000000,692.505981,2764.000000
autumn_leaf,mature,no,800.000000,692.218018,2771.000000
autumn_leaf,mature,no,800.000000,691.929993,2756.000000
autumn_leaf,mature,no,800.000000,691.642029,2770.000000
autumn_leaf,mature,no,800.000000,691.353027,2799.000000
autumn_leaf,mature,no,800.000000,691.065002,2782.000000
autumn_leaf,mature,no,800.000000,690.776978,2786.000000
autumn_leaf,mature,no,800.000000,690.489014,2776.000000
autumn_leaf,mature,no,800.000000,690.200989,2739.000000
autumn_leaf,mature,no,800.000000,689.913025,2764.000000
autumn_leaf,mature,no,800.000000,689.625000,2772.000000
autumn_leaf,mature,no,800.000000,689.335999,2795.000000
autumn_leaf,mature,no,800.000000,689.047974,2765.000000
autumn_leaf,mature,no,800.000000,688.760010,2758.000000
autumn_leaf,mature,no,800.000000,688.471985,2806.000000
autumn_leaf,mature,no,800.000000,688.184021,2779.000000
autumn_leaf,mature,no,800.000000,687.895996,2795.000000
autumn_leaf,mature,no,800.000000,687.607971,2731.000000
autumn_leaf,mature,no,800.000000,687.318970,2787.000000
autumn_leaf,mature,no,800.000000,687.031006,2777.000000
autumn_leaf,mature,no,800.000000,686.742981,2758.000000
autumn_leaf,mature,no,800.000000,686.455017,2788.000000
autumn_leaf,mature,no,800.000000,686.166992,2726.000000
autumn_leaf,mature,no,800.000000,685.879028,2740.000000
autumn_leaf,mature,no,800.000000,685.591003,2758.000000
autumn_leaf,mature,no,800.000000,685.302002,2771.000000
autumn_leaf,mature,no,800.000000,685.013977,2782.000000
autumn_leaf,mature,no,800.000000,684.726013,2787.000000
autumn_leaf,mature,no,800.000000,684.437988,2811.000000
autumn_leaf,mature,no,800.000000,684.150024,2735.000000
autumn_leaf,mature,no,800.000000,683.862000,2777.000000
autumn_leaf,mature,no,800.000000,683.572998,2788.000000
autumn_leaf,mature,no,800.000000,683.284973,2768.000000
autumn_leaf,mature,no,800.000000,682.997009,2728.000000
autumn_leaf,mature,no,800.000000,682.708984,2795.000000
autumn_leaf,mature,no,800.000000,682.421021,2802.000000
autumn_leaf,mature,no,800.000000,682.132996,2784.000000
autumn_leaf,mature,no,800.000000,681.844971,2779.000000
autumn_leaf,mature,no,800.000000,681.556030,2764.000000
autumn_leaf,mature,no,800.000000,681.268005,2755.000000
autumn_leaf,mature,no,800.000000,680.979980,2795.000000
autumn_leaf,mature,no,800.000000,680.692017,2809.000000
autumn_leaf,mature,no,800.000000,680.403992,2804.000000
autumn_leaf,mature,no,800.000000,680.116028,2791.000000
autumn_leaf,mature,no,800.000000,679.828003,2780.000000
autumn_leaf,mature,no,800.000000,679.539001,2776.000000
autumn_leaf,mature,no,800.000000,679.250977,2738.000000
autumn_leaf,mature,no,800.000000,678.963013,2753.000000
autumn_leaf,mature,no,800.000000,678.674988,2761.000000
autumn_leaf,mature,no,800.000000,678.387024,2734.000000
autumn_leaf,mature,no,800.000000,678.098999,2764.000000
autumn_leaf,mature,no,800.000000,677.810974,2772.000000
autumn_leaf,mature,no,800.000000,677.521973,2740.000000
autumn_leaf,mature,no,800.000000,677.234009,2780.000000
autumn_leaf,mature,no,800.000000,676.945984,2770.000000
autumn_leaf,mature,no,800.000000,676.658020,2763.000000
autumn_leaf,mature,no,800.000000,676.369995,2793.000000
autumn_leaf,mature,no,800.000000,676.081970,2736.000000
autumn_leaf,mature,no,800.000000,675.794006,2738.000000
autumn_leaf,mature,no,800.000000,675.505005,2748.000000
autumn_leaf,mature,no,800.000000,675.216980,2799.000000
autumn_leaf,mature,no,800.000000,674.929016,2778.000000
autumn_leaf,mature,no,800.000000,674.640991,2784.000000
autumn_leaf,mature,no,800.000000,674.353027,2775.000000
autumn_leaf,mature,no,800.000000,674.065002,2732.000000
autumn_leaf,mature,no,800.000000,673.776978,2787.000000
autumn_leaf,mature,no,800.000000,673.487976,2768.000000
autumn_leaf,mature,no,800.000000,673.200012,2746.000000
autumn_leaf,mature,no,800.000000,672.911987,2769.000000
autumn_leaf,mature,no,800.000000,672.624023,2776.000000
autumn_leaf,mature,no,800.000000,672.335999,2744.000000
autumn_leaf,mature,no,800.000000,672.047974,2776.000000
autumn_leaf,mature,no,800.000000,671.760010,2773.000000
autumn_leaf,mature,no,800.000000,671.471008,2804.000000
autumn_leaf,mature,no,800.000000,671.182983,2740.000000
autumn_leaf,mature,no,800.000000,670.895020,2775.000000
autumn_leaf,mature,no,800.000000,670.606995,2750.000000
autumn_leaf,mature,no,800.000000,670.318970,2720.000000
autumn_leaf,mature,no,800.000000,670.031006,2744.000000
autumn_leaf,mature,no,800.000000,669.742981,2744.000000
autumn_leaf,mature,no,800.000000,669.453979,2755.000000
autumn_leaf,mature,no,800.000000,669.166016,2768.000000
autumn_leaf,mature,no,800.000000,668.877991,2748.000000
autumn_leaf,mature,no,800.000000,668.590027,2721.000000
autumn_leaf,mature,no,800.000000,668.302002,2762.000000
autumn_leaf,mature,no,800.000000,668.013977,2780.000000
autumn_leaf,mature,no,800.000000,667.726013,2821.000000
autumn_leaf,mature,no,800.000000,667.437012,2791.000000
autumn_leaf,mature,no,800.000000,667.148987,2831.000000
autumn_leaf,mature,no,800.000000,666.861023,2788.000000
autumn_leaf,mature,no,800.000000,666.572998,2814.000000
autumn_leaf,mature,no,800.000000,666.284973,2780.000000
autumn_leaf,mature,no,800.000000,665.997009,2779.000000
autumn_leaf,mature,no,800.000000,665.708984,2762.000000
autumn_leaf,mature,no,800.000000,665.419983,2750.000000
autumn_leaf,mature,no,800.000000,665.132019,2758.000000
autumn_leaf,mature,no,800.000000,664.843994,2748.000000
autumn_leaf,mature,no,800.000000,664.556030,2746.000000
autumn_leaf,mature,no,800.000000,664.268005,2727.000000
autumn_leaf,mature,no,800.000000,663.979980,2782.000000
autumn_leaf,mature,no,800.000000,663.692017,2785.000000
autumn_leaf,mature,no,800.000000,663.403015,2815.000000
autumn_leaf,mature,no,800.000000,663.114990,2772.000000
autumn_leaf,mature,no,800.000000,662.827026,2717.000000
autumn_leaf,mature,no,800.000000,662.539001,2710.000000
autumn_leaf,mature,no,800.000000,662.250977,2751.000000
autumn_leaf,mature,no,800.000000,661.963013,2741.000000
autumn_leaf,mature,no,800.000000,661.674988,2762.000000
autumn_leaf,mature,no,800.000000,661.385986,2758.000000
autumn_leaf,mature,no,800.000000,661.098022,2762.000000
autumn_leaf,mature,no,800.000000,660.809998,2781.000000
autumn_leaf,mature,no,800.000000,660.521973,2752.000000
autumn_leaf,mature,no,800.000000,660.234009,2732.000000
autumn_leaf,mature,no,800.000000,659.945984,2765.000000
autumn_leaf,mature,no,800.000000,659.656982,2769.000000
autumn_leaf,mature,no,800.000000,659.369019,2758.000000
autumn_leaf,mature,no,800.000000,659.080994,2794.000000
autumn_leaf,mature,no,800.000000,658.793030,2792.000000
autumn_leaf,mature,no,800.000000,658.505005,2744.000000
autumn_leaf,mature,no,800.000000,658.216980,2760.000000
autumn_leaf,mature,no,800.000000,657.929016,2765.000000
autumn_leaf,mature,no,800.000000,657.640015,2812.000000
autumn_leaf,mature,no,800.000000,657.351990,2735.000000
autumn_leaf,mature,no,800.000000,657.064026,2783.000000
autumn_leaf,mature,no,800.000000,656.776001,2764.000000
autumn_leaf,mature,no,800.000000,656.487976,2753.000000
autumn_leaf,mature,no,800.000000,656.200012,2757.000000
autumn_leaf,mature,no,800.000000,655.911987,2797.000000
autumn_leaf,mature,no,800.000000,655.622986,2800.000000
autumn_leaf,mature,no,800.000000,655.335022,2809.000000
autumn_leaf,mature,no,800.000000,655.046997,2806.000000
autumn_leaf,mature,no,800.000000,654.758972,2775.000000
autumn_leaf,mature,no,800.000000,654.471008,2760.000000
autumn_leaf,mature,no,800.000000,654.182983,2798.000000
autumn_leaf,mature,no,800.000000,653.895020,2782.000000
autumn_leaf,mature,no,800.000000,653.606018,2766.000000
autumn_leaf,mature,no,800.000000,653.317993,2755.000000
autumn_leaf,mature,no,800.000000,653.030029,2787.000000
autumn_leaf,mature,no,800.000000,652.742004,2792.000000
autumn_leaf,mature,no,800.000000,652.453979,2745.000000
autumn_leaf,mature,no,800.000000,652.166016,2794.000000
autumn_leaf,mature,no,800.000000,651.877991,2721.000000
autumn_leaf,mature,no,800.000000,651.588989,2742.000000
autumn_leaf,mature,no,800.000000,651.301025,2789.000000
autumn_leaf,mature,no,800.000000,651.013000,2792.000000
autumn_leaf,mature,no,800.000000,650.724976,2771.000000
autumn_leaf,mature,no,800.000000,650.437012,2811.000000
autumn_leaf,mature,no,800.000000,650.148987,2812.000000
autumn_leaf,mature,no,800.000000,649.861023,2775.000000
autumn_leaf,mature,no,800.000000,649.572021,2810.000000
autumn_leaf,mature,no,800.000000,649.283997,2803.000000
autumn_leaf,mature,no,800.000000,648.995972,2765.000000
autumn_leaf,mature,no,800.000000,648.708008,2763.000000
autumn_leaf,mature,no,800.000000,648.419983,2790.000000
autumn_leaf,mature,no,800.000000,648.132019,2740.000000
autumn_leaf,mature,no,800.000000,647.843994,2747.000000
autumn_leaf,mature,no,800.000000,647.554993,2770.000000
autumn_leaf,mature,no,800.000000,647.267029,2803.000000
autumn_leaf,mature,no,800.000000,646.979004,2754.000000
autumn_leaf,mature,no,800.000000,646.690979,2798.000000
autumn_leaf,mature,no,800.000000,646.403015,2804.000000
autumn_leaf,mature,no,800.000000,646.114990,2754.000000
autumn_leaf,mature,no,800.000000,645.827026,2734.000000
autumn_leaf,mature,no,800.000000,645.538025,2771.000000
autumn_leaf,mature,no,800.000000,645.250000,2823.000000
autumn_leaf,mature,no,800.000000,644.961975,2774.000000
autumn_leaf,mature,no,800.000000,644.674011,2804.000000
autumn_leaf,mature,no,800.000000,644.385986,2787.000000
autumn_leaf,mature,no,800.000000,644.098022,2778.000000
autumn_leaf,mature,no,800.000000,643.809998,2739.000000
autumn_leaf,mature,no,800.000000,643.520996,2777.000000
autumn_leaf,mature,no,800.000000,643.232971,2805.000000
autumn_leaf,mature,no,800.000000,642.945007,2751.000000
autumn_leaf,mature,no,800.000000,642.656982,2820.000000
autumn_leaf,mature,no,800.000000,642.369019,2798.000000
autumn_leaf,mature,no,800.000000,642.080994,2755.000000
autumn_leaf,mature,no,800.000000,641.793030,2822.000000
autumn_leaf,mature,no,800.000000,641.504028,2801.000000
autumn_leaf,mature,no,800.000000,641.216003,2833.000000
autumn_leaf,mature,no,800.000000,640.927979,2809.000000
autumn_leaf,mature,no,800.000000,640.640015,2747.000000
autumn_leaf,mature,no,800.000000,640.351990,2743.000000
autumn_leaf,mature,no,800.000000,640.064026,2739.000000
autumn_leaf,mature,no,800.000000,639.776001,2737.000000
autumn_leaf,mature,no,800.000000,639.487000,2767.000000
autumn_leaf,mature,no,800.000000,639.198975,2733.000000
autumn_leaf,mature,no,800.000000,638.911011,2760.000000
autumn_leaf,mature,no,800.000000,638.622986,2816.000000
autumn_leaf,mature,no,800.000000,638.335022,2771.000000
autumn_leaf,mature,no,800.000000,638.046997,2748.000000
autumn_leaf,mature,no,800.000000,637.758972,2744.000000
autumn_leaf,mature,no,800.000000,637.469971,2818.000000
autumn_leaf,mature,no,800.000000,637.182007,2788.000000
autumn_leaf,mature,no,800.000000,636.893982,2761.000000
autumn_leaf,mature,no,800.000000,636.606018,2770.000000
autumn_leaf,mature,no,800.000000,636.317993,2776.000000
autumn_leaf,mature,no,800.000000,636.030029,2735.000000
autumn_leaf,mature,no,800.000000,635.741028,2822.000000
autumn_leaf,mature,no,800.000000,635.453003,2771.000000
autumn_leaf,mature,no,800.000000,635.164978,2763.000000
autumn_leaf,mature,no,800.000000,634.877014,2802.000000
autumn_leaf,mature,no,800.000000,634.588989,2778.000000
autumn_leaf,mature,no,800.000000,634.301025,2759.000000
autumn_leaf,mature,no,800.000000,634.013000,2767.000000
autumn_leaf,mature,no,800.000000,633.723999,2731.000000
autumn_leaf,mature,no,800.000000,633.435974,2763.000000
autumn_leaf,mature,no,800.000000,633.148010,2807.000000
autumn_leaf,mature,no,800.000000,632.859985,2750.000000
autumn_leaf,mature,no,800.000000,632.572021,2746.000000
autumn_leaf,mature,no,800.000000,632.283997,2796.000000
autumn_leaf,mature,no,800.000000,631.995972,2729.000000
autumn_leaf,mature,no,800.000000,631.706970,2774.000000
autumn_leaf,mature,no,800.000000,631.419006,2768.000000
autumn_leaf,mature,no,800.000000,631.130981,2764.000000
autumn_leaf,mature,no,800.000000,630.843018,2771.000000
autumn_leaf,mature,no,800.000000,630.554993,2802.000000
autumn_leaf,mature,no,800.000000,630.267029,2779.000000
autumn_leaf,mature,no,800.000000,629.979004,2806.000000
autumn_leaf,mature,no,800.000000,629.690002,2750.000000
autumn_leaf,mature,no,800.000000,629.401978,2722.000000
autumn_leaf,mature,no,800.000000,629.114014,2757.000000
autumn_leaf,mature,no,800.000000,628.825989,2756.000000
autumn_leaf,mature,no,800.000000,628.538025,2760.000000
autumn_leaf,mature,no,800.000000,628.250000,2765.000000
autumn_leaf,mature,no,800.000000,627.961975,2784.000000
autumn_leaf,mature,no,800.000000,627.672974,2791.000000
autumn_leaf,mature,no,800.000000,627.385010,2752.000000
autumn_leaf,mature,no,800.000000,627.096985,2783.000000
autumn_leaf,mature,no,800.000000,626.809021,2784.000000
autumn_leaf,mature,no,800.000000,626.520996,2754.000000
autumn_leaf,mature,no,800.000000,626.232971,2806.000000
autumn_leaf,mature,no,800.000000,625.945007,2813.000000
autumn_leaf,mature,no,800.000000,625.656006,2837.000000
autumn_leaf,mature,no,800.000000,625.367981,2753.000000
autumn_leaf,mature,no,800.000000,625.080017,2803.000000
autumn_leaf,mature,no,800.000000,624.791992,2799.000000
autumn_leaf,mature,no,800.000000,624.504028,2824.000000
autumn_leaf,mature,no,800.000000,624.216003,2834.000000
autumn_leaf,mature,no,800.000000,623.927979,2803.000000
autumn_leaf,mature,no,800.000000,623.638977,2767.000000
autumn_leaf,mature,no,800.000000,623.351013,2740.000000
autumn_leaf,mature,no,800.000000,623.062988,2785.000000
autumn_leaf,mature,no,800.000000,622.775024,2763.000000
autumn_leaf,mature,no,800.000000,622.487000,2738.000000
autumn_leaf,mature,no,800.000000,622.198975,2742.000000
autumn_leaf,mature,no,800.000000,621.911011,2797.000000
autumn_leaf,mature,no,800.000000,621.622009,2747.000000
autumn_leaf,mature,no,800.000000,621.333984,2723.000000
autumn_leaf,mature,no,800.000000,621.046021,2774.000000
autumn_leaf,mature,no,800.000000,620.757996,2746.000000
autumn_leaf,mature,no,800.000000,620.469971,2698.000000
autumn_leaf,mature,no,800.000000,620.182007,2759.000000
autumn_leaf,mature,no,800.000000,619.893982,2717.000000
autumn_leaf,mature,no,800.000000,619.604980,2713.000000
autumn_leaf,mature,no,800.000000,619.317017,2786.000000
autumn_leaf,mature,no,800.000000,619.028992,2763.000000
autumn_leaf,mature,no,800.000000,618.741028,2768.000000
autumn_leaf,mature,no,800.000000,618.453003,2735.000000
autumn_leaf,mature,no,800.000000,618.164978,2734.000000
autumn_leaf,mature,no,800.000000,617.877014,2805.000000
autumn_leaf,mature,no,800.000000,617.588013,2767.000000
autumn_leaf,mature,no,800.000000,617.299988,2766.000000
autumn_leaf,mature,no,800.000000,617.012024,2798.000000
autumn_leaf,mature,no,800.000000,616.723999,2758.000000
autumn_leaf,mature,no,800.000000,616.435974,2780.000000
autumn_leaf,mature,no,800.000000,616.148010,2755.000000
autumn_leaf,mature,no,800.000000,615.859985,2725.000000
autumn_leaf,mature,no,800.000000,615.570984,2792.000000
autumn_leaf,mature,no,800.000000,615.283020,2768.000000
autumn_leaf,mature,no,800.000000,614.994995,2773.000000
autumn_leaf,mature,no,800.000000,614.706970,2728.000000
autumn_leaf,mature,no,800.000000,614.419006,2744.000000
autumn_leaf,mature,no,800.000000,614.130981,2721.000000
autumn_leaf,mature,no,800.000000,613.843018,2790.000000
autumn_leaf,mature,no,800.000000,613.554016,2710.000000
autumn_leaf,mature,no,800.000000,613.265991,2750.000000
autumn_leaf,mature,no,800.000000,612.978027,2739.000000
autumn_leaf,mature,no,800.000000,612.690002,2702.000000
autumn_leaf,mature,no,800.000000,612.401978,2768.000000
autumn_leaf,mature,no,800.000000,612.114014,2757.000000
autumn_leaf,mature,no,800.000000,611.825012,2753.000000
autumn_leaf,mature,no,800.000000,611.536987,2726.000000
autumn_leaf,mature,no,800.000000,611.249023,2775.000000
autumn_leaf,mature,no,800.000000,610.960999,2780.000000
autumn_leaf,mature,no,800.000000,610.672974,2805.000000
autumn_leaf,mature,no,800.000000,610.385010,2751.000000
autumn_leaf,mature,no,800.000000,610.096985,2722.000000
autumn_leaf,mature,no,800.000000,609.807983,2773.000000
autumn_leaf,mature,no,800.000000,609.520020,2817.000000
autumn_leaf,mature,no,800.000000,609.231995,2789.000000
autumn_leaf,mature,no,800.000000,608.943970,2778.000000
autumn_leaf,mature,no,800.000000,608.656006,2811.000000
autumn_leaf,mature,no,800.000000,608.367981,2808.000000
autumn_leaf,mature,no,800.000000,608.080017,2789.000000
autumn_leaf,mature,no,800.000000,607.791016,2761.000000
autumn_leaf,mature,no,800.000000,607.502991,2777.000000
autumn_leaf,mature,no,800.000000,607.215027,2785.000000
autumn_leaf,mature,no,800.000000,606.927002,2793.000000
autumn_leaf,mature,no,800.000000,606.638977,2762.000000
autumn_leaf,mature,no,800.000000,606.351013,2773.000000
autumn_leaf,mature,no,800.000000,606.062988,2799.000000
autumn_leaf,mature,no,800.000000,605.773987,2789.000000
autumn_leaf,mature,no,800.000000,605.486023,2816.000000
autumn_leaf,mature,no,800.000000,605.197998,2730.000000
autumn_leaf,mature,no,800.000000,604.909973,2769.000000
autumn_leaf,mature,no,800.000000,604.622009,2788.000000
autumn_leaf,mature,no,800.000000,604.333984,2739.000000
autumn_leaf,mature,no,800.000000,604.046021,2753.000000
autumn_leaf,mature,no,800.000000,603.757019,2757.000000
autumn_leaf,mature,no,800.000000,603.468994,2788.000000
autumn_leaf,mature,no,800.000000,603.181030,2713.000000
autumn_leaf,mature,no,800.000000,602.893005,2768.000000
autumn_leaf,mature,no,800.000000,602.604980,2744.000000
autumn_leaf,mature,no,800.000000,602.317017,2741.000000
autumn_leaf,mature,no,800.000000,602.028992,2757.000000
autumn_leaf,mature,no,800.000000,601.739990,2768.000000
autumn_leaf,mature,no,800.000000,601.452026,2783.000000
autumn_leaf,mature,no,800.000000,601.164001,2729.000000
autumn_leaf,mature,no,800.000000,600.875977,2750.000000
autumn_leaf,mature,no,800.000000,600.588013,2777.000000
autumn_leaf,mature,no,800.000000,600.299988,2749.000000
autumn_leaf,mature,no,800.000000,600.012024,2720.000000
autumn_leaf,mature,no,800.000000,599.723022,2798.000000
autumn_leaf,mature,no,800.000000,599.434998,2761.000000
autumn_leaf,mature,no,800.000000,599.146973,2733.000000
autumn_leaf,mature,no,800.000000,598.859009,2735.000000
autumn_leaf,mature,no,800.000000,598.570984,2770.000000
autumn_leaf,mature,no,800.000000,598.283020,2761.000000
autumn_leaf,mature,no,800.000000,597.994995,2734.000000
autumn_leaf,mature,no,800.000000,597.705994,2798.000000
autumn_leaf,mature,no,800.000000,597.418030,2753.000000
autumn_leaf,mature,no,800.000000,597.130005,2787.000000
autumn_leaf,mature,no,800.000000,596.841980,2778.000000
autumn_leaf,mature,no,800.000000,596.554016,2770.000000
autumn_leaf,mature,no,800.000000,596.265991,2757.000000
autumn_leaf,mature,no,800.000000,595.978027,2714.000000
autumn_leaf,mature,no,800.000000,595.689026,2778.000000
autumn_leaf,mature,no,800.000000,595.401001,2784.000000
autumn_leaf,mature,no,800.000000,595.112976,2737.000000
autumn_leaf,mature,no,800.000000,594.825012,2702.000000
autumn_leaf,mature,no,800.000000,594.536987,2808.000000
autumn_leaf,mature,no,800.000000,594.249023,2809.000000
autumn_leaf,mature,no,800.000000,593.960999,2775.000000
autumn_leaf,mature,no,800.000000,593.671997,2781.000000
autumn_leaf,mature,no,800.000000,593.383972,2765.000000
autumn_leaf,mature,no,800.000000,593.096008,2721.000000
autumn_leaf,mature,no,800.000000,592.807983,2794.000000
autumn_leaf,mature,no,800.000000,592.520020,2786.000000
autumn_leaf,mature,no,800.000000,592.231995,2786.000000
autumn_leaf,mature,no,800.000000,591.943970,2787.000000
autumn_leaf,mature,no,800.000000,591.655029,2786.000000
autumn_leaf,mature,no,800.000000,591.367004,2751.000000
autumn_leaf,mature,no,800.000000,591.078979,2800.000000
autumn_leaf,mature,no,800.000000,590.791016,2780.000000
autumn_leaf,mature,no,800.000000,590.502991,2750.000000
autumn_leaf,mature,no,800.000000,590.215027,2744.000000
autumn_leaf,mature,no,800.000000,589.927002,2758.000000
autumn_leaf,mature,no,800.000000,589.638000,2748.000000
autumn_leaf,mature,no,800.000000,589.349976,2750.000000
autumn_leaf,mature,no,800.000000,589.062012,2867.000000
autumn_leaf,mature,no,800.000000,588.773987,2727.000000
autumn_leaf,mature,no,800.000000,588.486023,2766.000000
autumn_leaf,mature,no,800.000000,588.197998,2714.000000
autumn_leaf,mature,no,800.000000,587.908997,2783.000000
autumn_leaf,mature,no,800.000000,587.620972,2731.000000
autumn_leaf,mature,no,800.000000,587.333008,2780.000000
autumn_leaf,mature,no,800.000000,587.044983,2790.000000
autumn_leaf,mature,no,800.000000,586.757019,2800.000000
autumn_leaf,mature,no,800.000000,586.468994,2796.000000
autumn_leaf,mature,no,800.000000,586.181030,2767.000000
autumn_leaf,mature,no,800.000000,585.892029,2745.000000
autumn_leaf,mature,no,800.000000,585.604004,2765.000000
autumn_leaf,mature,no,800.000000,585.315979,2734.000000
autumn_leaf,mature,no,800.000000,585.028015,2772.000000
autumn_leaf,mature,no,800.000000,584.739990,2779.000000
autumn_leaf,mature,no,800.000000,584.452026,2795.000000
autumn_leaf,mature,no,800.000000,584.164001,2805.000000
autumn_leaf,mature,no,800.000000,583.875000,2714.000000
autumn_leaf,mature,no,800.000000,583.586975,2782.000000
autumn_leaf,mature,no,800.000000,583.299011,2747.000000
autumn_leaf,mature,no,800.000000,583.010986,2743.000000
autumn_leaf,mature,no,800.000000,582.723022,2775.000000
autumn_leaf,mature,no,800.000000,582.434998,2760.000000
autumn_leaf,mature,no,800.000000,582.146973,2734.000000
autumn_leaf,mature,no,800.000000,581.857971,2758.000000
autumn_leaf,mature,no,800.000000,581.570007,2751.000000
autumn_leaf,mature,no,800.000000,581.281982,2770.000000
autumn_leaf,mature,no,800.000000,580.994019,2777.000000
autumn_leaf,mature,no,800.000000,580.705994,2784.000000
autumn_leaf,mature,no,800.000000,580.418030,2786.000000
autumn_leaf,mature,no,800.000000,580.130005,2760.000000
autumn_leaf,mature,no,800.000000,579.841003,2776.000000
autumn_leaf,mature,no,800.000000,579.552979,2820.000000
autumn_leaf,mature,no,800.000000,579.265015,2775.000000
autumn_leaf,mature,no,800.000000,578.976990,2803.000000
autumn_leaf,mature,no,800.000000,578.689026,2766.000000
autumn_leaf,mature,no,800.000000,578.401001,2737.000000
autumn_leaf,mature,no,800.000000,578.112976,2759.000000
autumn_leaf,mature,no,800.000000,577.823975,2793.000000
autumn_leaf,mature,no,800.000000,577.536011,2815.000000
autumn_leaf,mature,no,800.000000,577.247986,2772.000000
autumn_leaf,mature,no,800.000000,576.960022,2746.000000
autumn_leaf,mature,no,800.000000,576.677002,2797.000000
autumn_leaf,mature,no,800.000000,576.393005,2747.000000
autumn_leaf,mature,no,800.000000,576.109985,2807.000000
autumn_leaf,mature,no,800.000000,575.825989,2752.000000
autumn_leaf,mature,no,800.000000,575.543030,2810.000000
autumn_leaf,mature,no,800.000000,575.260010,2752.000000
autumn_leaf,mature,no,800.000000,574.976013,2739.000000
autumn_leaf,mature,no,800.000000,574.692993,2777.000000
autumn_leaf,mature,no,800.000000,574.408997,2787.000000
autumn_leaf,mature,no,800.000000,574.125977,2726.000000
autumn_leaf,mature,no,800.000000,573.843018,2791.000000
autumn_leaf,mature,no,800.000000,573.559021,2807.000000
autumn_leaf,mature,no,800.000000,573.276001,2760.000000
autumn_leaf,mature,no,800.000000,572.992004,2773.000000
autumn_leaf,mature,no,800.000000,572.708984,2774.000000
autumn_leaf,mature,no,800.000000,572.426025,2782.000000
autumn_leaf,mature,no,800.000000,572.142029,2754.000000
autumn_leaf,mature,no,800.000000,571.859009,2778.000000
autumn_leaf,mature,no,800.000000,571.575989,2783.000000
autumn_leaf,mature,no,800.000000,571.291992,2752.000000
autumn_leaf,mature,no,800.000000,571.008972,2750.000000
autumn_leaf,mature,no,800.000000,570.724976,2734.000000
autumn_leaf,mature,no,800.000000,570.442017,2760.000000
autumn_leaf,mature,no,800.000000,570.158997,2741.000000
autumn_leaf,mature,no,800.000000,569.875000,2766.000000
autumn_leaf,mature,no,800.000000,569.591980,2756.000000
autumn_leaf,mature,no,800.000000,569.307983,2838.000000
autumn_leaf,mature,no,800.000000,569.025024,2801.000000
autumn_leaf,mature,no,800.000000,568.742004,2802.000000
autumn_leaf,mature,no,800.000000,568.458008,2772.000000
autumn_leaf,mature,no,800.000000,568.174988,2782.000000
autumn_leaf,mature,no,800.000000,567.890991,2776.000000
autumn_leaf,mature,no,800.000000,567.607971,2742.000000
autumn_leaf,mature,no,800.000000,567.325012,2817.000000
autumn_leaf,mature,no,800.000000,567.041016,2721.000000
autumn_leaf,mature,no,800.000000,566.757996,2733.000000
autumn_leaf,mature,no,800.000000,566.473999,2800.000000
autumn_leaf,mature,no,800.000000,566.190979,2794.000000
autumn_leaf,mature,no,800.000000,565.908020,2776.000000
autumn_leaf,mature,no,800.000000,565.624023,2748.000000
autumn_leaf,mature,no,800.000000,565.341003,2796.000000
autumn_leaf,mature,no,800.000000,565.057007,2744.000000
autumn_leaf,mature,no,800.000000,564.773987,2730.000000
autumn_leaf,mature,no,800.000000,564.491028,2775.000000
autumn_leaf,mature,no,800.000000,564.206970,2746.000000
autumn_leaf,mature,no,800.000000,563.924011,2798.000000
autumn_leaf,mature,no,800.000000,563.640015,2756.000000
autumn_leaf,mature,no,800.000000,563.356995,2741.000000
autumn_leaf,mature,no,800.000000,563.073975,2731.000000
autumn_leaf,mature,no,800.000000,562.789978,2743.000000
autumn_leaf,mature,no,800.000000,562.507019,2777.000000
autumn_leaf,mature,no,800.000000,562.223022,2744.000000
autumn_leaf,mature,no,800.000000,561.940002,2807.000000
autumn_leaf,mature,no,800.000000,561.656982,2802.000000
autumn_leaf,mature,no,800.000000,561.372986,2811.000000
autumn_leaf,mature,no,800.000000,561.090027,2794.000000
autumn_leaf,mature,no,800.000000,560.807007,2772.000000
autumn_leaf,mature,no,800.000000,560.523010,2727.000000
autumn_leaf,mature,no,800.000000,560.239990,2797.000000
autumn_leaf,mature,no,800.000000,559.955994,2778.000000
autumn_leaf,mature,no,800.000000,559.672974,2752.000000
autumn_leaf,mature,no,800.000000,559.390015,2790.000000
autumn_leaf,mature,no,800.000000,559.106018,2800.000000
autumn_leaf,mature,no,800.000000,558.822998,2792.000000
autumn_leaf,mature,no,800.000000,558.539001,2776.000000
autumn_leaf,mature,no,800.000000,558.255981,2763.000000
autumn_leaf,mature,no,800.000000,557.973022,2728.000000
autumn_leaf,mature,no,800.000000,557.689026,2766.000000
autumn_leaf,mature,no,800.000000,557.406006,2752.000000
autumn_leaf,mature,no,800.000000,557.122009,2761.000000
autumn_leaf,mature,no,800.000000,556.838989,2788.000000
autumn_leaf,mature,no,800.000000,556.556030,2759.000000
autumn_leaf,mature,no,800.000000,556.271973,2795.000000
autumn_leaf,mature,no,800.000000,555.989014,2777.000000
autumn_leaf,mature,no,800.000000,555.705017,2752.000000
autumn_leaf,mature,no,800.000000,555.421997,2771.000000
autumn_leaf,mature,no,800.000000,555.138977,2755.000000
autumn_leaf,mature,no,800.000000,554.854980,2758.000000
autumn_leaf,mature,no,800.000000,554.572021,2664.000000
autumn_leaf,mature,no,800.000000,554.288025,2713.000000
autumn_leaf,mature,no,800.000000,554.005005,2795.000000
autumn_leaf,mature,no,800.000000,553.721985,2775.000000
autumn_leaf,mature,no,800.000000,553.437988,2743.000000
autumn_leaf,mature,no,800.000000,553.155029,2717.000000
autumn_leaf,mature,no,800.000000,552.870972,2775.000000
autumn_leaf,mature,no,800.000000,552.588013,2762.000000
autumn_leaf,mature,no,800.000000,552.304993,2803.000000
autumn_leaf,mature,no,800.000000,552.020996,2715.000000
autumn_leaf,mature,no,800.000000,551.737976,2718.000000
autumn_leaf,mature,no,800.000000,551.455017,2769.000000
autumn_leaf,mature,no,800.000000,551.171021,2826.000000
autumn_leaf,mature,no,800.000000,550.888000,2802.000000
autumn_leaf,mature,no,800.000000,550.604004,2775.000000
autumn_leaf,mature,no,800.000000,550.320984,2752.000000
autumn_leaf,mature,no,800.000000,550.038025,2758.000000
autumn_leaf,mature,no,800.000000,549.754028,2740.000000
autumn_leaf,mature,no,800.000000,549.471008,2739.000000
autumn_leaf,mature,no,800.000000,549.187012,2746.000000
autumn_leaf,mature,no,800.000000,548.903992,2743.000000
autumn_leaf,mature,no,800.000000,548.620972,2769.000000
autumn_leaf,mature,no,800.000000,548.336975,2801.000000
autumn_leaf,mature,no,800.000000,548.054016,2788.000000
autumn_leaf,mature,no,800.000000,547.770020,2814.000000
autumn_leaf,mature,no,800.000000,547.487000,2770.000000
autumn_leaf,mature,no,800.000000,547.203979,2785.000000
autumn_leaf,mature,no,800.000000,546.919983,2768.000000
autumn_leaf,mature,no,800.000000,546.637024,2784.000000
autumn_leaf,mature,no,800.000000,546.353027,2733.000000
autumn_leaf,mature,no,800.000000,546.070007,2740.000000
autumn_leaf,mature,no,800.000000,545.794006,2806.000000
autumn_leaf,mature,no,800.000000,545.518982,2789.000000
autumn_leaf,mature,no,800.000000,545.242981,2806.000000
autumn_leaf,mature,no,800.000000,544.968018,2807.000000
autumn_leaf,mature,no,800.000000,544.692017,2725.000000
autumn_leaf,mature,no,800.000000,544.416992,2720.000000
autumn_leaf,mature,no,800.000000,544.140991,2783.000000
autumn_leaf,mature,no,800.000000,543.864990,2826.000000
autumn_leaf,mature,no,800.000000,543.590027,2762.000000
autumn_leaf,mature,no,800.000000,543.314026,2785.000000
autumn_leaf,mature,no,800.000000,543.039001,2699.000000
autumn_leaf,mature,no,800.000000,542.763000,2754.000000
autumn_leaf,mature,no,800.000000,542.487976,2750.000000
autumn_leaf,mature,no,800.000000,542.211975,2785.000000
autumn_leaf,mature,no,800.000000,541.935974,2757.000000
autumn_leaf,mature,no,800.000000,541.661011,2744.000000
autumn_leaf,mature,no,800.000000,541.385010,2813.000000
autumn_leaf,mature,no,800.000000,541.109985,2807.000000
autumn_leaf,mature,no,800.000000,540.833984,2745.000000
autumn_leaf,mature,no,800.000000,540.557983,2769.000000
autumn_leaf,mature,no,800.000000,540.283020,2766.000000
autumn_leaf,mature,no,800.000000,540.007019,2844.000000
autumn_leaf,mature,no,800.000000,539.731995,2755.000000
autumn_leaf,mature,no,800.000000,539.455994,2795.000000
autumn_leaf,mature,no,800.000000,539.181030,2791.000000
autumn_leaf,mature,no,800.000000,538.905029,2773.000000
autumn_leaf,mature,no,800.000000,538.629028,2739.000000
autumn_leaf,mature,no,800.000000,538.354004,2736.000000
autumn_leaf,mature,no,800.000000,538.078003,2779.000000
autumn_leaf,mature,no,800.000000,537.802979,2779.000000
autumn_leaf,mature,no,800.000000,537.526978,2760.000000
autumn_leaf,mature,no,800.000000,537.252014,2731.000000
autumn_leaf,mature,no,800.000000,536.976013,2772.000000
autumn_leaf,mature,no,800.000000,536.700012,2777.000000
autumn_leaf,mature,no,800.000000,536.424988,2765.000000
autumn_leaf,mature,no,800.000000,536.148987,2791.000000
autumn_leaf,mature,no,800.000000,535.874023,2708.000000
autumn_leaf,mature,no,800.000000,535.598022,2782.000000
autumn_leaf,mature,no,800.000000,535.322998,2753.000000
autumn_leaf,mature,no,800.000000,535.046997,2760.000000
autumn_leaf,mature,no,800.000000,534.770996,2776.000000
autumn_leaf,mature,no,800.000000,534.495972,2737.000000
autumn_leaf,mature,no,800.000000,534.219971,2780.000000
autumn_leaf,mature,no,800.000000,533.945007,2758.000000
autumn_leaf,mature,no,800.000000,533.669006,2750.000000
autumn_leaf,mature,no,800.000000,533.393982,2733.000000
autumn_leaf,mature,no,800.000000,533.117981,2769.000000
autumn_leaf,mature,no,800.000000,532.841980,2787.000000
autumn_leaf,mature,no,800.000000,532.567017,2758.000000
autumn_leaf,mature,no,800.000000,532.291016,2729.000000
autumn_leaf,mature,no,800.000000,532.015991,2752.000000
autumn_leaf,mature,no,800.000000,531.739990,2816.000000
autumn_leaf,mature,no,800.000000,531.465027,2734.000000
autumn_leaf,mature,no,800.000000,531.189026,2772.000000
autumn_leaf,mature,no,800.000000,530.913025,2788.000000
autumn_leaf,mature,no,800.000000,530.638000,2773.000000
autumn_leaf,mature,no,800.000000,530.362000,2774.000000
autumn_leaf,mature,no,800.000000,530.086975,2783.000000
autumn_leaf,mature,no,800.000000,529.810974,2760.000000
autumn_leaf,mature,no,800.000000,529.534973,2782.000000
autumn_leaf,mature,no,800.000000,529.260010,2754.000000
autumn_leaf,mature,no,800.000000,528.984009,2811.000000
autumn_leaf,mature,no,800.000000,528.708984,2784.000000
autumn_leaf,mature,no,800.000000,528.432983,2801.000000
autumn_leaf,mature,no,800.000000,528.158020,2730.000000
autumn_leaf,mature,no,800.000000,527.882019,2759.000000
autumn_leaf,mature,no,800.000000,527.606018,2774.000000
autumn_leaf,mature,no,800.000000,527.330994,2764.000000
autumn_leaf,mature,no,800.000000,527.054993,2780.000000
autumn_leaf,mature,no,800.000000,526.780029,2797.000000
autumn_leaf,mature,no,800.000000,526.504028,2765.000000
autumn_leaf,mature,no,800.000000,526.229004,2771.000000
autumn_leaf,mature,no,800.000000,525.953003,2749.000000
autumn_leaf,mature,no,800.000000,525.677002,2794.000000
autumn_leaf,mature,no,800.000000,525.401978,2822.000000
autumn_leaf,mature,no,800.000000,525.125977,2801.000000
autumn_leaf,mature,no,800.000000,524.851013,2828.000000
autumn_leaf,mature,no,800.000000,524.575012,2763.000000
autumn_leaf,mature,no,800.000000,524.299988,2786.000000
autumn_leaf,mature,no,800.000000,524.023987,2796.000000
autumn_leaf,mature,no,800.000000,523.747986,2739.000000
autumn_leaf,mature,no,800.000000,523.473022,2757.000000
autumn_leaf,mature,no,800.000000,523.197021,2759.000000
autumn_leaf,mature,no,800.000000,522.921997,2757.000000
autumn_leaf,mature,no,800.000000,522.645996,2783.000000
autumn_leaf,mature,no,800.000000,522.370972,2774.000000
autumn_leaf,mature,no,800.000000,522.094971,2784.000000
autumn_leaf,mature,no,800.000000,521.818970,2808.000000
autumn_leaf,mature,no,800.000000,521.544006,2764.000000
autumn_leaf,mature,no,800.000000,521.268005,2774.000000
autumn_leaf,mature,no,800.000000,520.992981,2786.000000
autumn_leaf,mature,no,800.000000,520.716980,2772.000000
autumn_leaf,mature,no,800.000000,520.442017,2789.000000
autumn_leaf,mature,no,800.000000,520.166016,2785.000000
autumn_leaf,mature,no,800.000000,519.890015,2816.000000
autumn_leaf,mature,no,800.000000,519.614990,2844.000000
autumn_leaf,mature,no,800.000000,519.338989,2797.000000
autumn_leaf,mature,no,800.000000,519.064026,2789.000000
autumn_leaf,mature,no,800.000000,518.788025,2725.000000
autumn_leaf,mature,no,800.000000,518.513000,2802.000000
autumn_leaf,mature,no,800.000000,518.237000,2716.000000
autumn_leaf,mature,no,800.000000,517.960999,2729.000000
autumn_leaf,mature,no,800.000000,517.685974,2710.000000
autumn_leaf,mature,no,800.000000,517.409973,2719.000000
autumn_leaf,mature,no,800.000000,517.135010,2792.000000
autumn_leaf,mature,no,800.000000,516.859009,2762.000000
autumn_leaf,mature,no,800.000000,516.583008,2762.000000
autumn_leaf,mature,no,800.000000,516.307983,2799.000000
autumn_leaf,mature,no,800.000000,516.031982,2757.000000
autumn_leaf,mature,no,800.000000,515.757019,2748.000000
autumn_leaf,mature,no,800.000000,515.481018,2775.000000
autumn_leaf,mature,no,800.000000,515.205994,2748.000000
autumn_leaf,mature,no,800.000000,514.929993,2749.000000
autumn_leaf,mature,no,800.000000,514.653992,2753.000000
autumn_leaf,mature,no,800.000000,514.379028,2813.000000
autumn_leaf,mature,no,800.000000,514.103027,2764.000000
autumn_leaf,mature,no,800.000000,513.828003,2761.000000
autumn_leaf,mature,no,800.000000,513.552002,2721.000000
autumn_leaf,mature,no,800.000000,513.276978,2765.000000
autumn_leaf,mature,no,800.000000,513.000977,2763.000000
autumn_leaf,mature,no,800.000000,512.724976,2740.000000
autumn_leaf,mature,no,800.000000,512.450012,2799.000000
autumn_leaf,mature,no,800.000000,512.174011,2792.000000
autumn_leaf,mature,no,800.000000,511.898987,2754.000000
autumn_leaf,mature,no,800.000000,511.622986,2789.000000
autumn_leaf,mature,no,800.000000,511.347992,2767.000000
autumn_leaf,mature,no,800.000000,511.071991,2762.000000
autumn_leaf,mature,no,800.000000,510.795990,2784.000000
autumn_leaf,mature,no,800.000000,510.520996,2800.000000
autumn_leaf,mature,no,800.000000,510.244995,2765.000000
autumn_leaf,mature,no,800.000000,509.970001,2763.000000
autumn_leaf,mature,no,800.000000,509.694000,2803.000000
autumn_leaf,mature,no,800.000000,509.419006,2820.000000
autumn_leaf,mature,no,800.000000,509.143005,2771.000000
autumn_leaf,mature,no,800.000000,508.867004,2781.000000
autumn_leaf,mature,no,800.000000,508.592010,2772.000000
autumn_leaf,mature,no,800.000000,508.316010,2807.000000
autumn_leaf,mature,no,800.000000,508.040985,2823.000000
autumn_leaf,mature,no,800.000000,507.765015,2828.000000
autumn_leaf,mature,no,800.000000,507.489990,2778.000000
autumn_leaf,mature,no,800.000000,507.213989,2751.000000
autumn_leaf,mature,no,800.000000,506.937988,2819.000000
autumn_leaf,mature,no,800.000000,506.662994,2754.000000
autumn_leaf,mature,no,800.000000,506.386993,2781.000000
autumn_leaf,mature,no,800.000000,506.112000,2788.000000
autumn_leaf,mature,no,800.000000,505.835999,2761.000000
autumn_leaf,mature,no,800.000000,505.559998,2755.000000
autumn_leaf,mature,no,800.000000,505.285004,2761.000000
autumn_leaf,mature,no,800.000000,505.009003,2799.000000
autumn_leaf,mature,no,800.000000,504.734009,2780.000000
autumn_leaf,mature,no,800.000000,504.458008,2787.000000
autumn_leaf,mature,no,800.000000,504.183014,2788.000000
autumn_leaf,mature,no,800.000000,503.907013,2792.000000
autumn_leaf,mature,no,800.000000,503.631012,2740.000000
autumn_leaf,mature,no,800.000000,503.355988,2741.000000
autumn_leaf,mature,no,800.000000,503.079987,2755.000000
autumn_leaf,mature,no,800.000000,502.804993,2716.000000
autumn_leaf,mature,no,800.000000,502.528992,2796.000000
autumn_leaf,mature,no,800.000000,502.253998,2744.000000
autumn_leaf,mature,no,800.000000,501.977997,2741.000000
autumn_leaf,mature,no,800.000000,501.701996,2804.000000
autumn_leaf,mature,no,800.000000,501.427002,2771.000000
autumn_leaf,mature,no,800.000000,501.151001,2754.000000
autumn_leaf,mature,no,800.000000,500.876007,2766.000000
autumn_leaf,mature,no,800.000000,500.600006,2748.000000
autumn_leaf,mature,no,800.000000,500.325012,2774.000000
autumn_leaf,mature,no,800.000000,500.049011,2746.000000
autumn_leaf,mature,no,800.000000,499.773010,2760.000000
autumn_leaf,mature,no,800.000000,499.497986,2781.000000
autumn_leaf,mature,no,800.000000,499.221985,2812.000000
autumn_leaf,mature,no,800.000000,498.946991,2773.000000
autumn_leaf,mature,no,800.000000,498.670990,2792.000000
autumn_leaf,mature,no,800.000000,498.395996,2799.000000
autumn_leaf,mature,no,800.000000,498.119995,2814.000000
autumn_leaf,mature,no,800.000000,497.843994,2803.000000
autumn_leaf,mature,no,800.000000,497.569000,2807.000000
autumn_leaf,mature,no,800.000000,497.292999,2771.000000
autumn_leaf,mature,no,800.000000,497.018005,2784.000000
autumn_leaf,mature,no,800.000000,496.742004,2747.000000
autumn_leaf,mature,no,800.000000,496.467010,2703.000000
autumn_leaf,mature,no,800.000000,496.191010,2754.000000
autumn_leaf,mature,no,800.000000,495.915009,2753.000000
autumn_leaf,mature,no,800.000000,495.640015,2803.000000
autumn_leaf,mature,no,800.000000,495.364014,2754.000000
autumn_leaf,mature,no,800.000000,495.088989,2791.000000
autumn_leaf,mature,no,800.000000,494.812988,2772.000000
autumn_leaf,mature,no,800.000000,494.536987,2758.000000
autumn_leaf,mature,no,800.000000,494.261993,2731.000000
autumn_leaf,mature,no,800.000000,493.985992,2778.000000
autumn_leaf,mature,no,800.000000,493.710999,2817.000000
autumn_leaf,mature,no,800.000000,493.434998,2785.000000
autumn_leaf,mature,no,800.000000,493.160004,2772.000000
autumn_leaf,mature,no,800.000000,492.884003,2781.000000
autumn_leaf,mature,no,800.000000,492.608002,2734.000000
autumn_leaf,mature,no,800.000000,492.333008,2801.000000
autumn_leaf,mature,no,800.000000,492.057007,2774.000000
autumn_leaf,mature,no,800.000000,491.782013,2790.000000
autumn_leaf,mature,no,800.000000,491.506012,2743.000000
autumn_leaf,mature,no,800.000000,491.230988,2737.000000
autumn_leaf,mature,no,800.000000,490.954987,2784.000000
autumn_leaf,mature,no,800.000000,490.678986,2799.000000
autumn_leaf,mature,no,800.000000,490.403992,2758.000000
autumn_leaf,mature,no,800.000000,490.127991,2753.000000
autumn_leaf,mature,no,800.000000,489.852997,2746.000000
autumn_leaf,mature,no,800.000000,489.576996,2811.000000
autumn_leaf,mature,no,800.000000,489.302002,2811.000000
autumn_leaf,mature,no,800.000000,489.026001,2746.000000
autumn_leaf,mature,no,800.000000,488.750000,2707.000000
autumn_leaf,mature,no,800.000000,488.475006,2725.000000
autumn_leaf,mature,no,800.000000,488.199005,2706.000000
autumn_leaf,mature,no,800.000000,487.924011,2766.000000
autumn_leaf,mature,no,800.000000,487.648010,2769.000000
autumn_leaf,mature,no,800.000000,487.372986,2840.000000
autumn_leaf,mature,no,800.000000,487.096985,2791.000000
autumn_leaf,mature,no,800.000000,486.821014,2742.000000
autumn_leaf,mature,no,800.000000,486.545990,2748.000000
autumn_leaf,mature,no,800.000000,486.269989,2757.000000
autumn_leaf,mature,no,800.000000,485.994995,2776.000000
autumn_leaf,mature,no,800.000000,485.718994,2734.000000
autumn_leaf,mature,no,800.000000,485.442993,2771.000000
autumn_leaf,mature,no,800.000000,485.167999,2757.000000
autumn_leaf,mature,no,800.000000,484.891998,2770.000000
autumn_leaf,mature,no,800.000000,484.617004,2760.000000
autumn_leaf,mature,no,800.000000,484.341003,2731.000000
autumn_leaf,mature,no,800.000000,484.066010,2762.000000
autumn_leaf,mature,no,800.000000,483.790009,2748.000000
autumn_leaf,mature,no,800.000000,483.514008,2788.000000
autumn_leaf,mature,no,800.000000,483.239014,2824.000000
autumn_leaf,mature,no,800.000000,482.963013,2741.000000
autumn_leaf,mature,no,800.000000,482.687988,2791.000000
autumn_leaf,mature,no,800.000000,482.411987,2736.000000
autumn_leaf,mature,no,800.000000,482.136993,2757.000000
autumn_leaf,mature,no,800.000000,481.860992,2793.000000
autumn_leaf,mature,no,800.000000,481.584991,2747.000000
autumn_leaf,mature,no,800.000000,481.309998,2750.000000
autumn_leaf,mature,no,800.000000,481.033997,2702.000000
autumn_leaf,mature,no,800.000000,480.759003,2784.000000
autumn_leaf,mature,no,800.000000,480.483002,2767.000000
autumn_leaf,mature,no,800.000000,480.208008,2740.000000
autumn_leaf,mature,no,800.000000,479.932007,2794.000000
autumn_leaf,mature,no,800.000000,479.656006,2782.000000
autumn_leaf,mature,no,800.000000,479.381012,2765.000000
autumn_leaf,mature,no,800.000000,479.105011,2810.000000
autumn_leaf,mature,no,800.000000,478.829987,2807.000000
autumn_leaf,mature,no,800.000000,478.553986,2764.000000
autumn_leaf,mature,no,800.000000,478.278992,2782.000000
autumn_leaf,mature,no,800.000000,478.002991,2804.000000
autumn_leaf,mature,no,800.000000,477.726990,2733.000000
autumn_leaf,mature,no,800.000000,477.451996,2780.000000
autumn_leaf,mature,no,800.000000,477.175995,2744.000000
autumn_leaf,mature,no,800.000000,476.901001,2751.000000
autumn_leaf,mature,no,800.000000,476.625000,2772.000000
autumn_leaf,mature,no,800.000000,476.350006,2744.000000
autumn_leaf,mature,no,800.000000,476.074005,2743.000000
autumn_leaf,mature,no,800.000000,475.798004,2750.000000
autumn_leaf,mature,no,800.000000,475.523010,2823.000000
autumn_leaf,mature,no,800.000000,475.247009,2798.000000
autumn_leaf,mature,no,800.000000,474.971985,2753.000000
autumn_leaf,mature,no,800.000000,474.696014,2797.000000
autumn_leaf,mature,no,800.000000,474.420990,2773.000000
autumn_leaf,mature,no,800.000000,474.144989,2784.000000
autumn_leaf,mature,no,800.000000,473.868988,2825.000000
autumn_leaf,mature,no,800.000000,473.593994,2786.000000
autumn_leaf,mature,no,800.000000,473.317993,2761.000000
autumn_leaf,mature,no,800.000000,473.042999,2743.000000
autumn_leaf,mature,no,800.000000,472.766998,2710.000000
autumn_leaf,mature,no,800.000000,472.490997,2803.000000
autumn_leaf,mature,no,800.000000,472.216003,2819.000000
autumn_leaf,mature,no,800.000000,471.940002,2761.000000
autumn_leaf,mature,no,800.000000,471.665009,2791.000000
autumn_leaf,mature,no,800.000000,471.389008,2774.000000
autumn_leaf,mature,no,800.000000,471.114014,2780.000000
autumn_leaf,mature,no,800.000000,470.838013,2770.000000
autumn_leaf,mature,no,800.000000,470.562012,2750.000000
autumn_leaf,mature,no,800.000000,470.286987,2797.000000
autumn_leaf,mature,no,800.000000,470.010986,2754.000000
autumn_leaf,mature,no,800.000000,469.735992,2780.000000
autumn_leaf,mature,no,800.000000,469.459991,2797.000000
autumn_leaf,mature,no,800.000000,469.184998,2790.000000
autumn_leaf,mature,no,800.000000,468.908997,2783.000000
autumn_leaf,mature,no,800.000000,468.632996,2718.000000
autumn_leaf,mature,no,800.000000,468.358002,2764.000000
autumn_leaf,mature,no,800.000000,468.082001,2791.000000
autumn_leaf,mature,no,800.000000,467.807007,2838.000000
autumn_leaf,mature,no,800.000000,467.531006,2782.000000
autumn_leaf,mature,no,800.000000,467.256012,2777.000000
autumn_leaf,mature,no,800.000000,466.980011,2785.000000
autumn_leaf,mature,no,800.000000,466.704010,2778.000000
autumn_leaf,mature,no,800.000000,466.428986,2792.000000
autumn_leaf,mature,no,800.000000,466.153015,2774.000000
autumn_leaf,mature,no,800.000000,465.877991,2825.000000
autumn_leaf,mature,no,800.000000,465.601990,2795.000000
autumn_leaf,mature,no,800.000000,465.326996,2786.000000
autumn_leaf,mature,no,800.000000,465.050995,2762.000000
autumn_leaf,mature,no,800.000000,464.774994,2756.000000
autumn_leaf,mature,no,800.000000,464.500000,2795.000000
autumn_leaf,mature,no,800.000000,464.223999,2779.000000
autumn_leaf,mature,no,800.000000,463.949005,2812.000000
autumn_leaf,mature,no,800.000000,463.673004,2764.000000
autumn_leaf,mature,no,800.000000,463.397003,2781.000000
autumn_leaf,mature,no,800.000000,463.122009,2808.000000
autumn_leaf,mature,no,800.000000,462.846008,2745.000000
autumn_leaf,mature,no,800.000000,462.571014,2733.000000
autumn_leaf,mature,no,800.000000,462.295013,2756.000000
autumn_leaf,mature,no,800.000000,462.019989,2761.000000
autumn_leaf,mature,no,800.000000,461.743988,2787.000000
autumn_leaf,mature,no,800.000000,461.467987,2836.000000
autumn_leaf,mature,no,800.000000,461.192993,2790.000000
autumn_leaf,mature,no,800.000000,460.916992,2762.000000
autumn_leaf,mature,no,800.000000,460.641998,2774.000000
autumn_leaf,mature,no,800.000000,460.365997,2827.000000
autumn_leaf,mature,no,800.000000,460.091003,2751.000000
autumn_leaf,mature,no,800.000000,459.815002,2787.000000
autumn_leaf,mature,no,800.000000,459.539001,2777.000000
autumn_leaf,mature,no,800.000000,459.264008,2763.000000
autumn_leaf,mature,no,800.000000,458.988007,2763.000000
autumn_leaf,mature,no,800.000000,458.713013,2772.000000
autumn_leaf,mature,no,800.000000,458.437012,2826.000000
autumn_leaf,mature,no,800.000000,458.161987,2771.000000
autumn_leaf,mature,no,800.000000,457.885986,2769.000000
autumn_leaf,mature,no,800.000000,457.609985,2755.000000
autumn_leaf,mature,no,800.000000,457.334991,2759.000000
autumn_leaf,mature,no,800.000000,457.058990,2747.000000
autumn_leaf,mature,no,800.000000,456.783997,2768.000000
autumn_leaf,mature,no,800.000000,456.507996,2776.000000
autumn_leaf,mature,no,800.000000,456.233002,2842.000000
autumn_leaf,mature,no,800.000000,455.957001,2776.000000
autumn_leaf,mature,no,800.000000,455.681000,2813.000000
autumn_leaf,mature,no,800.000000,455.406006,2758.000000
autumn_leaf,mature,no,800.000000,455.130005,2750.000000
autumn_leaf,mature,no,800.000000,454.855011,2781.000000
autumn_leaf,mature,no,800.000000,454.579010,2731.000000
autumn_leaf,mature,no,800.000000,454.303986,2762.000000
autumn_leaf,mature,no,800.000000,454.028015,2742.000000
autumn_leaf,mature,no,800.000000,453.752014,2771.000000
autumn_leaf,mature,no,800.000000,453.476990,2760.000000
autumn_leaf,mature,no,800.000000,453.200989,2779.000000
autumn_leaf,mature,no,800.000000,452.925995,2782.000000
autumn_leaf,mature,no,800.000000,452.649994,2843.000000
autumn_leaf,mature,no,800.000000,452.375000,2804.000000
autumn_leaf,mature,no,800.000000,452.098999,2741.000000
autumn_leaf,mature,no,800.000000,451.822998,2741.000000
autumn_leaf,mature,no,800.000000,451.548004,2767.000000
autumn_leaf,mature,no,800.000000,451.272003,2798.000000
autumn_leaf,mature,no,800.000000,450.997009,2761.000000
autumn_leaf,mature,no,800.000000,450.721008,2794.000000
autumn_leaf,mature,no,800.000000,450.445007,2800.000000
autumn_leaf,mature,no,800.000000,450.170013,2746.000000
autumn_leaf,mature,no,800.000000,449.894012,2788.000000
autumn_leaf,mature,no,800.000000,449.618988,2777.000000
autumn_leaf,mature,no,800.000000,449.342987,2747.000000
autumn_leaf,mature,no,800.000000,449.067993,2835.000000
autumn_leaf,mature,no,800.000000,448.791992,2757.000000
autumn_leaf,mature,no,800.000000,448.515991,2768.000000
autumn_leaf,mature,no,800.000000,448.240997,2761.000000
autumn_leaf,mature,no,800.000000,447.964996,2763.000000
autumn_leaf,mature,no,800.000000,447.690002,2767.000000
autumn_leaf,mature,no,800.000000,447.414001,2786.000000
autumn_leaf,mature,no,800.000000,447.139008,2771.000000
autumn_leaf,mature,no,800.000000,446.863007,2733.000000
autumn_leaf,mature,no,800.000000,446.587006,2744.000000
autumn_leaf,mature,no,800.000000,446.312012,2768.000000
autumn_leaf,mature,no,800.000000,446.036011,2827.000000
autumn_leaf,mature,no,800.000000,445.760986,2790.000000
autumn_leaf,mature,no,800.000000,445.484985,2784.000000
autumn_leaf,mature,no,800.000000,445.209991,2748.000000
autumn_leaf,mature,no,800.000000,444.933990,2749.000000
autumn_leaf,mature,no,800.000000,444.657990,2778.000000
autumn_leaf,mature,no,800.000000,444.382996,2769.000000
autumn_leaf,mature,no,800.000000,444.106995,2762.000000
autumn_leaf,mature,no,800.000000,443.832001,2764.000000
autumn_leaf,mature,no,800.000000,443.556000,2753.000000
autumn_leaf,mature,no,800.000000,443.281006,2764.000000
autumn_leaf,mature,no,800.000000,443.005005,2717.000000
autumn_leaf,mature,no,800.000000,442.729004,2756.000000
autumn_leaf,mature,no,800.000000,442.454010,2778.000000
autumn_leaf,mature,no,800.000000,442.178009,2780.000000
autumn_leaf,mature,no,800.000000,441.903015,2779.000000
autumn_leaf,mature,no,800.000000,441.627014,2761.000000
autumn_leaf,mature,no,800.000000,441.351013,2746.000000
autumn_leaf,mature,no,800.000000,441.075989,2778.000000
autumn_leaf,mature,no,800.000000,440.799988,2790.000000
autumn_leaf,mature,no,800.000000,440.524994,2778.000000
autumn_leaf,mature,no,800.000000,440.248993,2767.000000
autumn_leaf,mature,no,800.000000,439.973999,2803.000000
autumn_leaf,mature,no,800.000000,439.697998,2816.000000
autumn_leaf,mature,no,800.000000,439.421997,2801.000000
autumn_leaf,mature,no,800.000000,439.147003,2754.000000
autumn_leaf,mature,no,800.000000,438.871002,2749.000000
autumn_leaf,mature,no,800.000000,438.596008,2744.000000
autumn_leaf,mature,no,800.000000,438.320007,2795.000000
autumn_leaf,mature,no,800.000000,438.045013,2761.000000
autumn_leaf,mature,no,800.000000,437.769012,2758.000000
autumn_leaf,mature,no,800.000000,437.493011,2770.000000
autumn_leaf,mature,no,800.000000,437.217987,2839.000000
autumn_leaf,mature,no,800.000000,436.941986,2807.000000
autumn_leaf,mature,no,800.000000,436.666992,2838.000000
autumn_leaf,mature,no,800.000000,436.390991,2762.000000
autumn_leaf,mature,no,800.000000,436.115997,2784.000000
autumn_leaf,mature,no,800.000000,435.839996,2729.000000
autumn_leaf,mature,no,800.000000,435.569000,2751.000000
autumn_leaf,mature,no,800.000000,435.298004,2755.000000
autumn_leaf,mature,no,800.000000,435.027008,2829.000000
autumn_leaf,mature,no,800.000000,434.755005,2753.000000
autumn_leaf,mature,no,800.000000,434.484009,2758.000000
autumn_leaf,mature,no,800.000000,434.213013,2750.000000
autumn_leaf,mature,no,800.000000,433.941986,2713.000000
autumn_leaf,mature,no,800.000000,433.670990,2735.000000
autumn_leaf,mature,no,800.000000,433.399994,2768.000000
autumn_leaf,mature,no,800.000000,433.128998,2820.000000
autumn_leaf,mature,no,800.000000,432.858002,2779.000000
autumn_leaf,mature,no,800.000000,432.585999,2792.000000
autumn_leaf,mature,no,800.000000,432.315002,2839.000000
autumn_leaf,mature,no,800.000000,432.044006,2765.000000
autumn_leaf,mature,no,800.000000,431.773010,2783.000000
autumn_leaf,mature,no,800.000000,431.502014,2780.000000
autumn_leaf,mature,no,800.000000,431.230988,2798.000000
autumn_leaf,mature,no,800.000000,430.959991,2794.000000
autumn_leaf,mature,no,800.000000,430.688995,2744.000000
autumn_leaf,mature,no,800.000000,430.416992,2755.000000
autumn_leaf,mature,no,800.000000,430.145996,2786.000000
autumn_leaf,mature,no,800.000000,429.875000,2807.000000
autumn_leaf,mature,no,800.000000,429.604004,2807.000000
autumn_leaf,mature,no,800.000000,429.333008,2777.000000
autumn_leaf,mature,no,800.000000,429.062012,2816.000000
autumn_leaf,mature,no,800.000000,428.790985,2792.000000
autumn_leaf,mature,no,800.000000,428.519012,2777.000000
autumn_leaf,mature,no,800.000000,428.247986,2769.000000
autumn_leaf,mature,no,800.000000,427.976990,2762.000000
autumn_leaf,mature,no,800.000000,427.705994,2786.000000
autumn_leaf,mature,no,800.000000,427.434998,2736.000000
autumn_leaf,mature,no,800.000000,427.164001,2801.000000
autumn_leaf,mature,no,800.000000,426.893005,2763.000000
autumn_leaf,mature,no,800.000000,426.622009,2787.000000
autumn_leaf,mature,no,800.000000,426.350006,2745.000000
autumn_leaf,mature,no,800.000000,426.079010,2789.000000
autumn_leaf,mature,no,800.000000,425.808014,2756.000000
autumn_leaf,mature,no,800.000000,425.536987,2739.000000
autumn_leaf,mature,no,800.000000,425.265991,2745.000000
autumn_leaf,mature,no,800.000000,424.994995,2768.000000
autumn_leaf,mature,no,800.000000,424.723999,2779.000000
autumn_leaf,mature,no,800.000000,424.453003,2807.000000
autumn_leaf,mature,no,800.000000,424.181000,2796.000000
autumn_leaf,mature,no,800.000000,423.910004,2780.000000
autumn_leaf,mature,no,800.000000,423.639008,2785.000000
autumn_leaf,mature,no,800.000000,423.368011,2791.000000
autumn_leaf,mature,no,800.000000,423.096985,2739.000000
autumn_leaf,mature,no,800.000000,422.825989,2772.000000
autumn_leaf,mature,no,800.000000,422.554993,2750.000000
autumn_leaf,mature,no,800.000000,422.282990,2746.000000
autumn_leaf,mature,no,800.000000,422.011993,2767.000000
autumn_leaf,mature,no,800.000000,421.740997,2781.000000
autumn_leaf,mature,no,800.000000,421.470001,2736.000000
autumn_leaf,mature,no,800.000000,421.199005,2795.000000
autumn_leaf,mature,no,800.000000,420.928009,2781.000000
autumn_leaf,mature,no,800.000000,420.657013,2740.000000
autumn_leaf,mature,no,800.000000,420.385986,2772.000000
autumn_leaf,mature,no,800.000000,420.114014,2743.000000
autumn_leaf,mature,no,800.000000,419.842987,2764.000000
autumn_leaf,mature,no,800.000000,419.571991,2747.000000
autumn_leaf,mature,no,800.000000,419.300995,2771.000000
autumn_leaf,mature,no,800.000000,419.029999,2765.000000
autumn_leaf,mature,no,800.000000,418.759003,2737.000000
autumn_leaf,mature,no,800.000000,418.488007,2784.000000
autumn_leaf,mature,no,800.000000,418.217010,2752.000000
autumn_leaf,mature,no,800.000000,417.945007,2782.000000
autumn_leaf,mature,no,800.000000,417.674011,2780.000000
autumn_leaf,mature,no,800.000000,417.403015,2727.000000
autumn_leaf,mature,no,800.000000,417.131989,2742.000000
autumn_leaf,mature,no,800.000000,416.860992,2775.000000
autumn_leaf,mature,no,800.000000,416.589996,2788.000000
autumn_leaf,mature,no,800.000000,416.319000,2767.000000
autumn_leaf,mature,no,800.000000,416.046997,2728.000000
autumn_leaf,mature,no,800.000000,415.776001,2741.000000
autumn_leaf,mature,no,800.000000,415.505005,2771.000000
autumn_leaf,mature,no,800.000000,415.234009,2828.000000
autumn_leaf,mature,no,800.000000,414.963013,2763.000000
autumn_leaf,mature,no,800.000000,414.691986,2787.000000
autumn_leaf,mature,no,800.000000,414.420990,2795.000000
autumn_leaf,mature,no,800.000000,414.149994,2828.000000
autumn_leaf,mature,no,800.000000,413.877991,2810.000000
autumn_leaf,mature,no,800.000000,413.606995,2763.000000
autumn_leaf,mature,no,800.000000,413.335999,2778.000000
autumn_leaf,mature,no,800.000000,413.065002,2766.000000
autumn_leaf,mature,no,800.000000,412.794006,2788.000000
autumn_leaf,mature,no,800.000000,412.523010,2746.000000
autumn_leaf,mature,no,800.000000,412.252014,2722.000000
autumn_leaf,mature,no,800.000000,411.980988,2735.000000
autumn_leaf,mature,no,800.000000,411.709015,2796.000000
autumn_leaf,mature,no,800.000000,411.437988,2773.000000
autumn_leaf,mature,no,800.000000,411.166992,2797.000000
autumn_leaf,mature,no,800.000000,410.895996,2759.000000
autumn_leaf,mature,no,800.000000,410.625000,2773.000000
autumn_leaf,mature,no,800.000000,410.354004,2732.000000
autumn_leaf,mature,no,800.000000,410.083008,2802.000000
autumn_leaf,mature,no,800.000000,409.811005,2798.000000
autumn_leaf,mature,no,800.000000,409.540009,2784.000000
autumn_leaf,mature,no,800.000000,409.269012,2794.000000
autumn_leaf,mature,no,800.000000,408.997986,2760.000000
autumn_leaf,mature,no,800.000000,408.726990,2757.000000
autumn_leaf,mature,no,800.000000,408.455994,2779.000000
autumn_leaf,mature,no,800.000000,408.184998,2834.000000
autumn_leaf,mature,no,800.000000,407.914001,2780.000000
autumn_leaf,mature,no,800.000000,407.641998,2794.000000
autumn_leaf,mature,no,800.000000,407.371002,2770.000000
autumn_leaf,mature,no,800.000000,407.100006,2769.000000
autumn_leaf,mature,no,800.000000,406.829010,2780.000000
autumn_leaf,mature,no,800.000000,406.558014,2703.000000
autumn_leaf,mature,no,800.000000,406.286987,2784.000000
autumn_leaf,mature,no,800.000000,406.015991,2729.000000
autumn_leaf,mature,no,800.000000,405.744995,2788.000000
autumn_leaf,mature,no,800.000000,405.472992,2755.000000
autumn_leaf,mature,no,800.000000,405.201996,2764.000000
autumn_leaf,mature,no,800.000000,404.931000,2761.000000
autumn_leaf,mature,no,800.000000,404.660004,2776.000000
autumn_leaf,mature,no,800.000000,404.394989,2787.000000
autumn_leaf,mature,no,800.000000,404.131012,2751.000000
autumn_leaf,mature,no,800.000000,403.865997,2816.000000
autumn_leaf,mature,no,800.000000,403.601013,2731.000000
autumn_leaf,mature,no,800.000000,403.335999,2762.000000
autumn_leaf,mature,no,800.000000,403.071991,2795.000000
autumn_leaf,mature,no,800.000000,402.807007,2801.000000
autumn_leaf,mature,no,800.000000,402.541992,2774.000000
autumn_leaf,mature,no,800.000000,402.277008,2793.000000
autumn_leaf,mature,no,800.000000,402.013000,2757.000000
autumn_leaf,mature,no,800.000000,401.747986,2747.000000
autumn_leaf,mature,no,800.000000,401.483002,2802.000000
autumn_leaf,mature,no,800.000000,401.218994,2808.000000
autumn_leaf,mature,no,800.000000,400.954010,2763.000000
autumn_leaf,mature,no,800.000000,400.688995,2776.000000
autumn_leaf,mature,no,800.000000,400.424011,2774.000000
autumn_leaf,mature,no,800.000000,400.160004,2748.000000
autumn_leaf,mature,no,800.000000,399.894989,2762.000000
autumn_leaf,mature,no,800.000000,399.630005,2794.000000
autumn_leaf,mature,no,800.000000,399.364990,2798.000000
autumn_leaf,mature,no,800.000000,399.101013,2803.000000
autumn_leaf,mature,no,800.000000,398.835999,2766.000000
autumn_leaf,mature,no,800.000000,398.571014,2749.000000
autumn_leaf,mature,no,800.000000,398.306000,2762.000000
autumn_leaf,mature,no,800.000000,398.041992,2769.000000
autumn_leaf,mature,no,800.000000,397.777008,2777.000000
autumn_leaf,mature,no,800.000000,397.511993,2752.000000
autumn_leaf,mature,no,800.000000,397.247986,2761.000000
autumn_leaf,mature,no,800.000000,396.983002,2777.000000
autumn_leaf,mature,no,800.000000,396.717987,2725.000000
autumn_leaf,mature,no,800.000000,396.453003,2781.000000
autumn_leaf,mature,no,800.000000,396.188995,2780.000000
autumn_leaf,mature,no,800.000000,395.924011,2751.000000
autumn_leaf,mature,no,800.000000,395.658997,2761.000000
autumn_leaf,mature,no,800.000000,395.394012,2738.000000
autumn_leaf,mature,no,800.000000,395.130005,2782.000000
autumn_leaf,mature,no,800.000000,394.864990,2757.000000
autumn_leaf,mature,no,800.000000,394.600006,2780.000000
autumn_leaf,mature,no,800.000000,394.335999,2798.000000
autumn_leaf,mature,no,800.000000,394.071014,2770.000000
autumn_leaf,mature,no,800.000000,393.806000,2784.000000
autumn_leaf,mature,no,800.000000,393.540985,2783.000000
autumn_leaf,mature,no,800.000000,393.277008,2860.000000
autumn_leaf,mature,no,800.000000,393.011993,2776.000000
autumn_leaf,mature,no,800.000000,392.747009,2803.000000
autumn_leaf,mature,no,800.000000,392.481995,2776.000000
autumn_leaf,mature,no,800.000000,392.217987,2756.000000
autumn_leaf,mature,no,800.000000,391.953003,2760.000000
autumn_leaf,mature,no,800.000000,391.687988,2767.000000
autumn_leaf,mature,no,800.000000,391.424011,2791.000000
autumn_leaf,mature,no,800.000000,391.158997,2806.000000
autumn_leaf,mature,no,800.000000,390.894012,2778.000000
autumn_leaf,mature,no,800.000000,390.628998,2764.000000
autumn_leaf,mature,no,800.000000,390.364990,2789.000000
autumn_leaf,mature,no,800.000000,390.100006,2768.000000
autumn_leaf,mature,no,800.000000,389.834991,2738.000000
autumn_leaf,mature,no,800.000000,389.570007,2730.000000
autumn_leaf,mature,no,800.000000,389.306000,2757.000000
autumn_leaf,mature,no,800.000000,389.040985,2782.000000
autumn_leaf,mature,no,800.000000,388.776001,2772.000000
autumn_leaf,mature,no,800.000000,388.510986,2809.000000
autumn_leaf,mature,no,800.000000,388.247009,2789.000000
autumn_leaf,mature,no,800.000000,387.981995,2801.000000
autumn_leaf,mature,no,800.000000,387.717010,2766.000000
autumn_leaf,mature,no,800.000000,387.453003,2741.000000
autumn_leaf,mature,no,800.000000,387.187988,2716.000000
autumn_leaf,mature,no,800.000000,386.923004,2764.000000
autumn_leaf,mature,no,800.000000,386.657990,2750.000000
autumn_leaf,mature,no,800.000000,386.394012,2760.000000
autumn_leaf,mature,no,800.000000,386.128998,2813.000000
autumn_leaf,mature,no,800.000000,385.864014,2808.000000
autumn_leaf,mature,no,800.000000,385.598999,2793.000000
autumn_leaf,mature,no,800.000000,385.334991,2740.000000
autumn_leaf,mature,no,800.000000,385.070007,2784.000000
autumn_leaf,mature,no,800.000000,384.804993,2765.000000
autumn_leaf,mature,no,800.000000,384.540985,2789.000000
autumn_leaf,mature,no,800.000000,384.276001,2747.000000
autumn_leaf,mature,no,800.000000,384.010986,2755.000000
autumn_leaf,mature,no,800.000000,383.746002,2752.000000
autumn_leaf,mature,no,800.000000,383.481995,2816.000000
autumn_leaf,mature,no,800.000000,383.217010,2750.000000
autumn_leaf,mature,no,800.000000,382.951996,2791.000000
autumn_leaf,mature,no,800.000000,382.687012,2856.000000
autumn_leaf,mature,no,800.000000,382.423004,2774.000000
autumn_leaf,mature,no,800.000000,382.157990,2722.000000
autumn_leaf,mature,no,800.000000,381.893005,2779.000000
autumn_leaf,mature,no,800.000000,381.628998,2777.000000
autumn_leaf,mature,no,800.000000,381.364014,2773.000000
autumn_leaf,mature,no,800.000000,381.098999,2762.000000
autumn_leaf,mature,no,800.000000,380.834015,2772.000000
autumn_leaf,mature,no,800.000000,380.570007,2750.000000
autumn_leaf,mature,no,800.000000,380.304993,2813.000000
autumn_leaf,mature,no,800.000000,380.040009,2814.000000
autumn_leaf,mature,no,800.000000,379.774994,2768.000000
autumn_leaf,mature,no,800.000000,379.510986,2765.000000
autumn_leaf,mature,no,800.000000,379.246002,2775.000000
autumn_leaf,mature,no,800.000000,378.980988,2783.000000
autumn_leaf,mature,no,800.000000,378.716003,2723.000000
autumn_leaf,mature,no,800.000000,378.451996,2776.000000
autumn_leaf,mature,no,800.000000,378.187012,2763.000000
autumn_leaf,mature,no,800.000000,377.921997,2791.000000
autumn_leaf,mature,no,800.000000,377.657990,2835.000000
autumn_leaf,mature,no,800.000000,377.393005,2798.000000
autumn_leaf,mature,no,800.000000,377.127991,2790.000000
autumn_leaf,mature,no,800.000000,376.863007,2720.000000
autumn_leaf,mature,no,800.000000,376.598999,2840.000000
autumn_leaf,mature,no,800.000000,376.334015,2760.000000
autumn_leaf,mature,no,800.000000,376.069000,2772.000000
autumn_leaf,mature,no,800.000000,375.803986,2771.000000
autumn_leaf,mature,no,800.000000,375.540009,2811.000000
autumn_leaf,mature,no,800.000000,375.274994,2754.000000
autumn_leaf,mature,no,800.000000,375.010010,2801.000000
autumn_leaf,mature,no,800.000000,374.746002,2745.000000
autumn_leaf,mature,no,800.000000,374.480988,2779.000000
autumn_leaf,mature,no,800.000000,374.216003,2793.000000
autumn_leaf,mature,no,800.000000,373.950989,2785.000000
autumn_leaf,mature,no,800.000000,373.687012,2825.000000
autumn_leaf,mature,no,800.000000,373.421997,2792.000000
autumn_leaf,mature,no,800.000000,373.157013,2727.000000
autumn_leaf,mature,no,800.000000,372.891998,2787.000000
autumn_leaf,mature,no,800.000000,372.627991,2803.000000
autumn_leaf,mature,no,800.000000,372.363007,2746.000000
autumn_leaf,mature,no,800.000000,372.097992,2748.000000
autumn_leaf,mature,no,800.000000,371.834015,2795.000000
autumn_leaf,mature,no,800.000000,371.569000,2775.000000
autumn_leaf,mature,no,800.000000,371.303986,2728.000000
autumn_leaf,mature,no,800.000000,371.039001,2806.000000
autumn_leaf,mature,no,800.000000,370.774994,2787.000000
autumn_leaf,mature,no,800.000000,370.510010,2776.000000
autumn_leaf,mature,no,800.000000,370.244995,2801.000000
autumn_leaf,mature,no,800.000000,369.980011,2800.000000
autumn_leaf,mature,no,800.000000,369.716003,2759.000000
autumn_leaf,mature,no,800.000000,369.450989,2742.000000
autumn_leaf,mature,no,800.000000,369.186005,2721.000000
autumn_leaf,mature,no,800.000000,368.920990,2774.000000
autumn_leaf,mature,no,800.000000,368.657013,2776.000000
autumn_leaf,mature,no,800.000000,368.391998,2779.000000
autumn_leaf,mature,no,800.000000,368.127014,2784.000000
autumn_leaf,mature,no,800.000000,367.863007,2802.000000
autumn_leaf,mature,no,800.000000,367.597992,2826.000000
autumn_leaf,mature,no,800.000000,367.333008,2767.000000
autumn_leaf,mature,no,800.000000,367.067993,2782.000000
autumn_leaf,mature,no,800.000000,366.803986,2727.000000
autumn_leaf,mature,no,800.000000,366.539001,2760.000000
autumn_leaf,mature,no,800.000000,366.273987,2750.000000
autumn_leaf,mature,no,800.000000,366.009003,2754.000000
autumn_leaf,mature,no,800.000000,365.744995,2791.000000
autumn_leaf,mature,no,800.000000,365.480011,2767.000000
autumn_leaf,mature,no,800.000000,365.217987,2794.000000
autumn_leaf,mature,no,800.000000,364.957001,2778.000000
autumn_leaf,mature,no,800.000000,364.695007,2809.000000
autumn_leaf,mature,no,800.000000,364.433990,2734.000000
autumn_leaf,mature,no,800.000000,364.171997,2790.000000
autumn_leaf,mature,no,800.000000,363.911011,2777.000000
autumn_leaf,mature,no,800.000000,363.648987,2777.000000
autumn_leaf,mature,no,800.000000,363.388000,2784.000000
autumn_leaf,mature,no,800.000000,363.126007,2755.000000
autumn_leaf,mature,no,800.000000,362.864990,2775.000000
autumn_leaf,mature,no,800.000000,362.602997,2744.000000
autumn_leaf,mature,no,800.000000,362.341003,2799.000000
autumn_leaf,mature,no,800.000000,362.079987,2748.000000
autumn_leaf,mature,no,800.000000,361.817993,2752.000000
autumn_leaf,mature,no,800.000000,361.557007,2774.000000
autumn_leaf,mature,no,800.000000,361.295013,2814.000000
autumn_leaf,mature,no,800.000000,361.033997,2791.000000
autumn_leaf,mature,no,800.000000,360.772003,2780.000000
autumn_leaf,mature,no,800.000000,360.510986,2778.000000
autumn_leaf,mature,no,800.000000,360.248993,2779.000000
autumn_leaf,mature,no,800.000000,359.987000,2741.000000
autumn_leaf,mature,no,800.000000,359.726013,2772.000000
autumn_leaf,mature,no,800.000000,359.463989,2736.000000
autumn_leaf,mature,no,800.000000,359.203003,2753.000000
autumn_leaf,mature,no,800.000000,358.941010,2791.000000
autumn_leaf,mature,no,800.000000,358.679993,2792.000000
autumn_leaf,mature,no,800.000000,358.417999,2796.000000
autumn_leaf,mature,no,800.000000,358.157013,2762.000000
autumn_leaf,mature,no,800.000000,357.894989,2789.000000
autumn_leaf,mature,no,800.000000,357.634003,2748.000000
autumn_leaf,mature,no,800.000000,357.372009,2793.000000
autumn_leaf,mature,no,800.000000,357.109985,2763.000000
autumn_leaf,mature,no,800.000000,356.848999,2809.000000
autumn_leaf,mature,no,800.000000,356.587006,2802.000000
autumn_leaf,mature,no,800.000000,356.325989,2767.000000
autumn_leaf,mature,no,800.000000,356.063995,2776.000000
autumn_leaf,mature,no,800.000000,355.803009,2799.000000
autumn_leaf,mature,no,800.000000,355.540985,2782.000000
autumn_leaf,mature,no,800.000000,355.279999,2782.000000
autumn_leaf,mature,no,800.000000,355.018005,2804.000000
autumn_leaf,mature,no,800.000000,354.756012,2754.000000
autumn_leaf,mature,no,800.000000,354.494995,2798.000000
autumn_leaf,mature,no,800.000000,354.233002,2743.000000
autumn_leaf,mature,no,800.000000,353.971985,2798.000000
autumn_leaf,mature,no,800.000000,353.709991,2785.000000
autumn_leaf,mature,no,800.000000,353.449005,2802.000000
autumn_leaf,mature,no,800.000000,353.187012,2772.000000
autumn_leaf,mature,no,800.000000,352.925995,2805.000000
autumn_leaf,mature,no,800.000000,352.664001,2795.000000
autumn_leaf,mature,no,800.000000,352.402008,2738.000000
autumn_leaf,mature,no,800.000000,352.140991,2769.000000
autumn_leaf,mature,no,800.000000,351.878998,2764.000000
autumn_leaf,mature,no,800.000000,351.618011,2772.000000
autumn_leaf,mature,no,800.000000,351.355988,2764.000000
autumn_leaf,mature,no,800.000000,351.095001,2752.000000
autumn_leaf,mature,no,800.000000,350.833008,2776.000000
autumn_leaf,mature,no,800.000000,350.571991,2800.000000
autumn_leaf,mature,no,800.000000,350.309998,2748.000000
autumn_leaf,mature,no,800.000000,350.049011,2796.000000
autumn_leaf,mature,no,800.000000,349.786987,2772.000000
autumn_leaf,mature,no,800.000000,349.524994,2767.000000
autumn_leaf,mature,no,800.000000,349.264008,2762.000000
autumn_leaf,mature,no,800.000000,349.002014,2799.000000
autumn_leaf,mature,no,800.000000,348.740997,2758.000000
autumn_leaf,mature,no,800.000000,348.479004,2716.000000
autumn_leaf,mature,no,800.000000,348.217987,2763.000000
autumn_leaf,mature,no,800.000000,347.955994,2752.000000
autumn_leaf,mature,no,800.000000,347.695007,2788.000000
autumn_leaf,mature,no,800.000000,347.433014,2796.000000
autumn_leaf,mature,no,800.000000,347.170990,2807.000000
autumn_leaf,mature,no,800.000000,346.910004,2760.000000
autumn_leaf,mature,no,800.000000,346.648010,2742.000000
autumn_leaf,mature,no,800.000000,346.386993,2765.000000
autumn_leaf,mature,no,800.000000,346.125000,2793.000000
autumn_leaf,mature,no,800.000000,345.864014,2762.000000
autumn_leaf,mature,no,800.000000,345.601990,2797.000000
autumn_leaf,mature,no,800.000000,345.341003,2809.000000
autumn_leaf,mature,no,800.000000,345.079010,2815.000000
autumn_leaf,mature,no,800.000000,344.817993,2832.000000
autumn_leaf,mature,no,800.000000,344.556000,2787.000000
autumn_leaf,mature,no,800.000000,344.294006,2714.000000
autumn_leaf,mature,no,800.000000,344.032990,2720.000000
autumn_leaf,mature,no,800.000000,343.770996,2769.000000
autumn_leaf,mature,no,800.000000,343.510010,2766.000000
autumn_leaf,mature,no,800.000000,343.247986,2734.000000
autumn_leaf,mature,no,800.000000,342.987000,2752.000000
autumn_leaf,mature,no,800.000000,342.725006,2762.000000
autumn_leaf,mature,no,800.000000,342.463989,2770.000000
autumn_leaf,mature,no,800.000000,342.201996,2762.000000
autumn_leaf,mature,no,800.000000,341.940002,2794.000000
autumn_leaf,mature,no,800.000000,341.678986,2779.000000
autumn_leaf,mature,no,800.000000,341.416992,2806.000000
autumn_leaf,mature,no,800.000000,341.156006,2755.000000
autumn_leaf,mature,no,800.000000,340.894012,2760.000000
autumn_leaf,mature,no,800.000000,340.632996,2779.000000
autumn_leaf,mature,no,800.000000,340.371002,2819.000000
autumn_leaf,mature,no,800.000000,340.109985,2739.000000
autumn_leaf,mature,no,800.000000,339.847992,2809.000000
autumn_leaf,mature,no,800.000000,339.587006,2780.000000
autumn_leaf,mature,no,800.000000,339.325012,2753.000000
autumn_leaf,mature,no,800.000000,339.062988,2768.000000
autumn_leaf,mature,no,800.000000,338.802002,2745.000000
autumn_leaf,mature,no,800.000000,338.540009,2762.000000
autumn_leaf,mature,no,800.000000,338.278992,2809.000000
autumn_leaf,mature,no,800.000000,338.016998,2760.000000
autumn_leaf,mature,no,800.000000,337.756012,2743.000000
autumn_leaf,mature,no,800.000000,337.493988,2777.000000
autumn_leaf,mature,no,800.000000,337.233002,2786.000000
autumn_leaf,mature,no,800.000000,336.971008,2835.000000
autumn_leaf,mature,no,800.000000,336.709015,2798.000000
autumn_leaf,mature,no,800.000000,336.447998,2764.000000
autumn_leaf,mature,no,800.000000,336.186005,2787.000000
autumn_leaf,mature,no,800.000000,335.924988,2776.000000
autumn_leaf,mature,no,800.000000,335.662994,2791.000000
autumn_leaf,mature,no,800.000000,335.402008,2811.000000
autumn_leaf,mature,no,800.000000,335.140015,2782.000000
autumn_leaf,mature,no,800.000000,334.878998,2800.000000
autumn_leaf,mature,no,800.000000,334.617004,2784.000000
autumn_leaf,mature,no,800.000000,334.355988,2784.000000
autumn_leaf,mature,no,800.000000,334.093994,2791.000000
autumn_leaf,mature,no,800.000000,333.832001,2750.000000
autumn_leaf,mature,no,800.000000,333.571014,2775.000000
autumn_leaf,mature,no,800.000000,333.308990,2723.000000
autumn_leaf,mature,no,800.000000,333.048004,2748.000000
autumn_leaf,mature,no,800.000000,332.786011,2729.000000
autumn_leaf,mature,no,800.000000,332.524994,2775.000000
autumn_leaf,mature,no,800.000000,332.263000,2779.000000
autumn_leaf,mature,no,800.000000,332.002014,2753.000000
autumn_leaf,mature,no,800.000000,331.739990,2788.000000
autumn_leaf,mature,no,800.000000,331.479004,2787.000000
autumn_leaf,mature,no,800.000000,331.217010,2773.000000
autumn_leaf,mature,no,800.000000,330.954987,2742.000000
autumn_leaf,mature,no,800.000000,330.694000,2761.000000
autumn_leaf,mature,no,800.000000,330.432007,2775.000000
autumn_leaf,mature,no,800.000000,330.170990,2787.000000
autumn_leaf,mature,no,800.000000,329.908997,2786.000000
autumn_leaf,mature,no,800.000000,329.648010,2778.000000
autumn_leaf,mature,no,800.000000,329.385986,2815.000000
autumn_leaf,mature,no,800.000000,329.125000,2763.000000
autumn_leaf,mature,no,800.000000,328.863007,2837.000000
autumn_leaf,mature,no,800.000000,328.601013,2792.000000
autumn_leaf,mature,no,800.000000,328.339996,2741.000000
autumn_leaf,mature,no,800.000000,328.078003,2772.000000
autumn_leaf,mature,no,800.000000,327.816986,2760.000000
autumn_leaf,mature,no,800.000000,327.554993,2770.000000
autumn_leaf,mature,no,800.000000,327.294006,2783.000000
autumn_leaf,mature,no,800.000000,327.032013,2779.000000
autumn_leaf,mature,no,800.000000,326.770996,2724.000000
autumn_leaf,mature,no,800.000000,326.509003,2742.000000
autumn_leaf,mature,no,800.000000,326.247986,2777.000000
autumn_leaf,mature,no,800.000000,325.985992,2761.000000
autumn_leaf,mature,no,800.000000,325.723999,2804.000000
autumn_leaf,mature,no,800.000000,325.463013,2788.000000
autumn_leaf,mature,no,800.000000,325.200989,2786.000000
autumn_leaf,mature,no,800.000000,324.940002,2761.000000
autumn_leaf,mature,no,800.000000,324.678009,2767.000000
autumn_leaf,mature,no,800.000000,324.416992,2793.000000
autumn_leaf,mature,no,800.000000,324.154999,2756.000000
autumn_leaf,mature,no,800.000000,323.894012,2742.000000
autumn_leaf,mature,no,800.000000,323.631989,2751.000000
autumn_leaf,mature,no,800.000000,323.369995,2831.000000
autumn_leaf,mature,no,800.000000,323.109009,2780.000000
autumn_leaf,mature,no,800.000000,322.846985,2745.000000
autumn_leaf,mature,no,800.000000,322.585999,2772.000000
autumn_leaf,mature,no,800.000000,322.324005,2802.000000
autumn_leaf,mature,no,800.000000,322.062988,2742.000000
autumn_leaf,mature,no,800.000000,321.800995,2730.000000
autumn_leaf,mature,no,800.000000,321.540009,2770.000000
autumn_leaf,mature,no,800.000000,321.278015,2818.000000
autumn_leaf,mature,no,800.000000,321.016998,2793.000000
autumn_leaf,mature,no,800.000000,320.755005,2772.000000
autumn_leaf,mature,no,800.000000,320.493011,2768.000000
autumn_leaf,mature,no,800.000000,320.231995,2803.000000
autumn_leaf,mature,no,800.000000,319.970001,2792.000000
autumn_leaf,mature,no,800.000000,319.709015,2751.000000
autumn_leaf,mature,no,800.000000,319.446991,2758.000000
autumn_leaf,mature,no,800.000000,319.186005,2802.000000
autumn_leaf,mature,no,800.000000,318.924011,2777.000000
autumn_leaf,mature,no,800.000000,318.662994,2761.000000
autumn_leaf,mature,no,800.000000,318.401001,2762.000000
autumn_leaf,mature,no,800.000000,318.139008,2752.000000
autumn_leaf,mature,no,800.000000,317.877991,2781.000000
autumn_leaf,mature,no,800.000000,317.615997,2786.000000
autumn_leaf,mature,no,800.000000,317.355011,2757.000000
autumn_leaf,mature,no,800.000000,317.092987,2811.000000
autumn_leaf,mature,no,800.000000,316.832001,2752.000000
autumn_leaf,mature,no,800.000000,316.570007,2767.000000
autumn_leaf,mature,no,800.000000,316.308990,2789.000000
autumn_leaf,mature,no,800.000000,316.046997,2809.000000
autumn_leaf,mature,no,800.000000,315.786011,2765.000000
autumn_leaf,mature,no,800.000000,315.523987,2766.000000
autumn_leaf,mature,no,800.000000,315.261993,2744.000000
autumn_leaf,mature,no,800.000000,315.001007,2819.000000
autumn_leaf,mature,no,800.000000,314.739014,2772.000000
autumn_leaf,mature,no,800.000000,314.477997,2772.000000
autumn_leaf,mature,no,800.000000,314.216003,2794.000000
autumn_leaf,mature,no,800.000000,313.954987,2765.000000
autumn_leaf,mature,no,800.000000,313.692993,2789.000000
autumn_leaf,mature,no,800.000000,313.432007,2752.000000
autumn_leaf,mature,no,800.000000,313.170013,2791.000000
autumn_leaf,mature,no,800.000000,312.911987,2747.000000
autumn_leaf,mature,no,800.000000,312.654999,2797.000000
autumn_leaf,mature,no,800.000000,312.397003,2792.000000
autumn_leaf,mature,no,800.000000,312.139008,2796.000000
autumn_leaf,mature,no,800.000000,311.881989,2767.000000
autumn_leaf,mature,no,800.000000,311.623993,2781.000000
autumn_leaf,mature,no,800.000000,311.365997,2764.000000
autumn_leaf,mature,no,800.000000,311.109009,2827.000000
autumn_leaf,mature,no,800.000000,310.851013,2829.000000
autumn_leaf,mature,no,800.000000,310.592987,2803.000000
autumn_leaf,mature,no,800.000000,310.335999,2788.000000
autumn_leaf,mature,no,800.000000,310.078003,2787.000000
autumn_leaf,mature,no,800.000000,309.820007,2757.000000
autumn_leaf,mature,no,800.000000,309.562988,2766.000000
autumn_leaf,mature,no,800.000000,309.304993,2766.000000
autumn_leaf,mature,no,800.000000,309.046997,2764.000000
autumn_leaf,mature,no,800.000000,308.790009,2744.000000
autumn_leaf,mature,no,800.000000,308.532013,2776.000000
autumn_leaf,mature,no,800.000000,308.273987,2760.000000
autumn_leaf,mature,no,800.000000,308.016998,2756.000000
autumn_leaf,mature,no,800.000000,307.759003,2794.000000
autumn_leaf,mature,no,800.000000,307.501007,2787.000000
autumn_leaf,mature,no,800.000000,307.243988,2779.000000
autumn_leaf,mature,no,800.000000,306.985992,2811.000000
autumn_leaf,mature,no,800.000000,306.727997,2810.000000
autumn_leaf,mature,no,800.000000,306.471008,2793.000000
autumn_leaf,mature,no,800.000000,306.213013,2762.000000
autumn_leaf,mature,no,800.000000,305.954987,2718.000000
autumn_leaf,mature,no,800.000000,305.697998,2752.000000
autumn_leaf,mature,no,800.000000,305.440002,2754.000000
autumn_leaf,mature,no,800.000000,305.182007,2754.000000
autumn_leaf,mature,no,800.000000,304.924988,2787.000000
autumn_leaf,mature,no,800.000000,304.666992,2772.000000
autumn_leaf,mature,no,800.000000,304.408997,2713.000000
autumn_leaf,mature,no,800.000000,304.152008,2745.000000
autumn_leaf,mature,no,800.000000,303.894012,2728.000000
autumn_leaf,mature,no,800.000000,303.635986,2736.000000
autumn_leaf,mature,no,800.000000,303.378998,2791.000000
autumn_leaf,mature,no,800.000000,303.121002,2778.000000
autumn_leaf,mature,no,800.000000,302.864014,2780.000000
autumn_leaf,mature,no,800.000000,302.605988,2703.000000
autumn_leaf,mature,no,800.000000,302.347992,2766.000000
autumn_leaf,mature,no,800.000000,302.091003,2794.000000
autumn_leaf,mature,no,800.000000,301.833008,2801.000000
autumn_leaf,mature,no,800.000000,301.575012,2800.000000
autumn_leaf,mature,no,800.000000,301.317993,2780.000000
autumn_leaf,mature,no,800.000000,301.059998,2766.000000
autumn_leaf,mature,no,800.000000,300.802002,2771.000000
autumn_leaf,mature,no,800.000000,300.545013,2771.000000
autumn_leaf,mature,no,800.000000,300.286987,2807.000000
autumn_leaf,mature,no,800.000000,300.028992,2800.000000
autumn_leaf,mature,no,800.000000,299.772003,2782.000000
autumn_leaf,mature,no,800.000000,299.514008,2788.000000
autumn_leaf,mature,no,800.000000,299.256012,2775.000000
autumn_leaf,mature,no,800.000000,298.998993,2802.000000
autumn_leaf,mature,no,800.000000,298.740997,2752.000000
autumn_leaf,mature,no,800.000000,298.483002,2789.000000
autumn_leaf,mature,no,800.000000,298.226013,2760.000000
autumn_leaf,mature,no,800.000000,297.967987,2791.000000
autumn_leaf,mature,no,800.000000,297.709991,2776.000000
autumn_leaf,mature,no,800.000000,297.453003,2780.000000
autumn_leaf,mature,no,800.000000,297.195007,2764.000000
autumn_leaf,mature,no,800.000000,296.937012,2771.000000
autumn_leaf,mature,no,800.000000,296.679993,2762.000000
autumn_leaf,mature,no,800.000000,296.421997,2781.000000
autumn_leaf,mature,no,800.000000,296.164001,2786.000000
autumn_leaf,mature,no,800.000000,295.907013,2777.000000
autumn_leaf,mature,no,800.000000,295.648987,2725.000000
autumn_leaf,mature,no,800.000000,295.390991,2795.000000
autumn_leaf,mature,no,800.000000,295.134003,2761.000000
autumn_leaf,mature,no,800.000000,294.876007,2762.000000
autumn_leaf,mature,no,800.000000,294.618011,2755.000000
autumn_leaf,mature,no,800.000000,294.360992,2777.000000
autumn_leaf,mature,no,800.000000,294.102997,2760.000000
autumn_leaf,mature,no,800.000000,293.845001,2803.000000
autumn_leaf,mature,no,800.000000,293.588013,2785.000000
autumn_leaf,mature,no,800.000000,293.329987,2718.000000
autumn_leaf,mature,no,800.000000,293.071991,2806.000000
autumn_leaf,mature,no,800.000000,292.815002,2761.000000
autumn_leaf,mature,no,800.000000,292.557007,2784.000000
autumn_leaf,mature,no,800.000000,292.299011,2766.000000
autumn_leaf,mature,no,800.000000,292.041992,2706.000000
autumn_leaf,mature,no,800.000000,291.783997,2772.000000
autumn_leaf,mature,no,800.000000,291.526001,2811.000000
autumn_leaf,mature,no,800.000000,291.269012,2708.000000
autumn_leaf,mature,no,800.000000,291.010986,2731.000000
autumn_leaf,mature,no,800.000000,290.752991,2827.000000
autumn_leaf,mature,no,800.000000,290.496002,2839.000000
autumn_leaf,mature,no,800.000000,290.238007,2788.000000
autumn_leaf,mature,no,800.000000,289.980011,2748.000000
autumn_leaf,mature,no,800.000000,289.722992,2817.000000
autumn_leaf,mature,no,800.000000,289.464996,2793.000000
autumn_leaf,mature,no,800.000000,289.207001,2734.000000
autumn_leaf,mature,no,800.000000,288.950012,2790.000000
autumn_leaf,mature,no,800.000000,288.691986,2774.000000
autumn_leaf,mature,no,800.000000,288.433990,2804.000000
autumn_leaf,mature,no,800.000000,288.177002,2797.000000
autumn_leaf,mature,no,800.000000,287.919006,2775.000000
autumn_leaf,mature,no,800.000000,287.661011,2820.000000
autumn_leaf,mature,no,800.000000,287.403992,2768.000000
autumn_leaf,mature,no,800.000000,287.145996,2756.000000
autumn_leaf,mature,no,800.000000,286.888000,2775.000000
autumn_leaf,mature,no,800.000000,286.631012,2747.000000
autumn_leaf,mature,no,800.000000,286.372986,2757.000000
autumn_leaf,mature,no,800.000000,286.114990,2737.000000
autumn_leaf,mature,no,800.000000,285.858002,2770.000000
autumn_leaf,mature,no,800.000000,285.600006,2740.000000
autumn_leaf,mature,no,800.000000,285.342010,2731.000000
autumn_leaf,mature,no,800.000000,285.084991,2737.000000
autumn_leaf,mature,no,800.000000,284.826996,2723.000000
autumn_leaf,mature,no,800.000000,284.569000,2707.000000
autumn_leaf,mature,no,800.000000,284.312012,2791.000000
autumn_leaf,mature,no,800.000000,284.053986,2777.000000
autumn_leaf,mature,no,800.000000,283.795990,2777.000000
autumn_leaf,mature,no,800.000000,283.539001,2770.000000
autumn_leaf,mature,no,800.000000,283.281006,2777.000000
autumn_leaf,mature,no,800.000000,283.023987,2799.000000
autumn_leaf,mature,no,800.000000,282.765991,2779.000000
autumn_leaf,mature,no,800.000000,282.507996,2746.000000
autumn_leaf,mature,no,800.000000,282.251007,2788.000000
autumn_leaf,mature,no,800.000000,281.993011,2734.000000
autumn_leaf,mature,no,800.000000,281.734985,2771.000000
autumn_leaf,mature,no,800.000000,281.477997,2768.000000
autumn_leaf,mature,no,800.000000,281.220001,2790.000000
autumn_leaf,mature,no,800.000000,280.962006,2791.000000
autumn_leaf,mature,no,800.000000,280.704987,2754.000000
autumn_leaf,mature,no,800.000000,280.446991,2764.000000
autumn_leaf,mature,no,800.000000,280.188995,2801.000000
autumn_leaf,mature,no,800.000000,279.932007,2759.000000
autumn_leaf,mature,no,800.000000,279.674011,2765.000000
autumn_leaf,mature,no,800.000000,279.415985,2766.000000
autumn_leaf,mature,no,800.000000,279.158997,2784.000000
autumn_leaf,mature,no,800.000000,278.901001,2771.000000
autumn_leaf,mature,no,800.000000,278.643005,2764.000000
autumn_leaf,mature,no,800.000000,278.385986,2793.000000
autumn_leaf,mature,no,800.000000,278.127991,2798.000000
autumn_leaf,mature,no,800.000000,277.869995,2787.000000
autumn_leaf,mature,no,800.000000,277.613007,2722.000000
autumn_leaf,mature,no,800.000000,277.355011,2810.000000
autumn_leaf,mature,no,800.000000,277.096985,2767.000000
autumn_leaf,mature,no,800.000000,276.839996,2762.000000
autumn_leaf,mature,no,800.000000,276.582001,2780.000000
autumn_leaf,mature,no,800.000000,276.324005,2797.000000
autumn_leaf,mature,no,800.000000,276.066986,2784.000000
autumn_leaf,mature,no,800.000000,275.808990,2770.000000
autumn_leaf,mature,no,800.000000,275.550995,2807.000000
autumn_leaf,mature,no,800.000000,275.294006,2811.000000
autumn_leaf,mature,no,800.000000,275.036011,2820.000000
autumn_leaf,mature,no,800.000000,274.778015,2774.000000
autumn_leaf,mature,no,800.000000,274.520996,2744.000000
autumn_leaf,mature,no,800.000000,274.263000,2781.000000
autumn_leaf,mature,no,800.000000,274.005005,2784.000000
autumn_leaf,mature,no,800.000000,273.747986,2773.000000
autumn_leaf,mature,no,800.000000,273.489990,2772.000000
autumn_leaf,mature,no,800.000000,273.231995,2760.000000
autumn_leaf,mature,no,800.000000,272.975006,2818.000000
autumn_leaf,mature,no,800.000000,272.717010,2778.000000
autumn_leaf,mature,no,800.000000,272.459015,2750.000000
autumn_leaf,mature,no,800.000000,272.201996,2764.000000
autumn_leaf,mature,no,800.000000,271.944000,2728.000000
autumn_leaf,mature,no,800.000000,271.686005,2708.000000
autumn_leaf,mature,no,800.000000,271.428986,2776.000000
autumn_leaf,mature,no,800.000000,271.170990,2786.000000
autumn_leaf,mature,no,800.000000,270.912994,2794.000000
autumn_leaf,mature,no,800.000000,270.656006,2755.000000
autumn_leaf,mature,no,800.000000,270.398010,2822.000000
autumn_leaf,mature,no,800.000000,270.140015,2793.000000
autumn_leaf,mature,no,800.000000,269.882996,2748.000000
autumn_leaf,mature,no,800.000000,269.625000,2789.000000
autumn_leaf,mature,no,800.000000,269.367004,2790.000000
autumn_leaf,mature,no,800.000000,269.109985,2802.000000
autumn_leaf,mature,no,800.000000,268.851990,2758.000000
autumn_leaf,mature,no,800.000000,268.593994,2808.000000
autumn_leaf,mature,no,800.000000,268.337006,2776.000000
autumn_leaf,mature,no,800.000000,268.079010,2775.000000
autumn_leaf,mature,no,800.000000,267.821014,2781.000000
autumn_leaf,mature,no,800.000000,267.563995,2803.000000
autumn_leaf,mature,no,800.000000,267.306000,2734.000000
autumn_leaf,mature,no,800.000000,267.048004,2749.000000
autumn_leaf,mature,no,800.000000,266.790985,2764.000000
autumn_leaf,mature,no,800.000000,266.532990,2771.000000
autumn_leaf,mature,no,800.000000,266.274994,2727.000000
autumn_leaf,mature,no,800.000000,266.018005,2757.000000
autumn_leaf,mature,no,800.000000,265.760010,2773.000000
autumn_leaf,mature,no,800.000000,265.502014,2786.000000
autumn_leaf,mature,no,800.000000,265.244995,2773.000000
autumn_leaf,mature,no,800.000000,264.987000,2756.000000
autumn_leaf,mature,no,800.000000,264.729004,2796.000000
autumn_leaf,mature,no,800.000000,264.471985,2725.000000
autumn_leaf,mature,no,800.000000,264.213989,2760.000000
autumn_leaf,mature,no,800.000000,263.955994,2791.000000
autumn_leaf,mature,no,800.000000,263.699005,2774.000000
autumn_leaf,mature,no,800.000000,263.441010,2772.000000
autumn_leaf,mature,no,800.000000,263.183990,2740.000000
autumn_leaf,mature,no,800.000000,262.925995,2800.000000
autumn_leaf,mature,no,800.000000,262.667999,2757.000000
autumn_leaf,mature,no,800.000000,262.411011,2778.000000
autumn_leaf,mature,no,800.000000,262.153015,2722.000000
autumn_leaf,mature,no,800.000000,261.894989,2708.000000
autumn_leaf,mature,no,800.000000,261.638000,2760.000000
autumn_leaf,mature,no,800.000000,261.380005,2756.000000
autumn_leaf,mature,no,800.000000,261.122009,2776.000000
autumn_leaf,mature,no,800.000000,260.864990,2802.000000
autumn_leaf,mature,no,800.000000,260.606995,2804.000000
autumn_leaf,mature,no,800.000000,260.348999,2761.000000
autumn_leaf,mature,no,800.000000,260.092010,2797.000000
autumn_leaf,mature,no,800.000000,259.834015,2780.000000
autumn_leaf,mature,no,800.000000,259.575989,2774.000000
autumn_leaf,mature,no,800.000000,259.319000,2779.000000
autumn_leaf,mature,no,800.000000,259.061005,2818.000000
autumn_leaf,mature,no,800.000000,258.803009,2753.000000
autumn_leaf,mature,no,800.000000,258.545990,2781.000000
autumn_leaf,mature,no,800.000000,258.287994,2749.000000
autumn_leaf,mature,no,800.000000,258.029999,2775.000000
autumn_leaf,mature,no,800.000000,257.773010,2740.000000
autumn_leaf,mature,no,800.000000,257.515015,2764.000000
autumn_leaf,mature,no,800.000000,257.256989,2772.000000
autumn_leaf,mature,no,800.000000,257.000000,2762.000000
autumn_leaf,mature,no,800.000000,256.742004,2742.000000
autumn_leaf,mature,no,800.000000,256.484009,2790.000000
autumn_leaf,mature,no,800.000000,256.226990,2772.000000
autumn_leaf,mature,no,800.000000,255.968994,2794.000000
autumn_leaf,mature,no,800.000000,255.710999,2798.000000
autumn_leaf,mature,no,800.000000,255.453995,2839.000000
autumn_leaf,mature,no,800.000000,255.195999,2817.000000
autumn_leaf,mature,no,800.000000,254.938004,2776.000000
autumn_leaf,mature,no,800.000000,254.681000,2757.000000
autumn_leaf,mature,no,800.000000,254.423004,2780.000000
autumn_leaf,mature,no,800.000000,254.164993,2776.000000
autumn_leaf,mature,no,800.000000,253.908005,2862.000000
autumn_leaf,mature,no,800.000000,253.649994,2766.000000
autumn_leaf,mature,no,800.000000,253.395004,2787.000000
autumn_leaf,mature,no,800.000000,253.139008,2813.000000
autumn_leaf,mature,no,800.000000,252.884003,2750.000000
autumn_leaf,mature,no,800.000000,252.628006,2816.000000
autumn_leaf,mature,no,800.000000,252.373001,2760.000000
autumn_leaf,mature,no,800.000000,252.117004,2810.000000
autumn_leaf,mature,no,800.000000,251.862000,2764.000000
autumn_leaf,mature,no,800.000000,251.606003,2798.000000
autumn_leaf,mature,no,800.000000,251.350998,2796.000000
autumn_leaf,mature,no,800.000000,251.095001,2740.000000
autumn_leaf,mature,no,800.000000,250.839996,2778.000000
autumn_leaf,mature,no,800.000000,250.584000,2760.000000
autumn_leaf,mature,no,800.000000,250.328995,2824.000000
autumn_leaf,mature,no,800.000000,250.072998,2776.000000
autumn_leaf,mature,no,800.000000,249.817993,2740.000000
autumn_leaf,mature,no,800.000000,249.561996,2768.000000
autumn_leaf,mature,no,800.000000,249.307007,2754.000000
autumn_leaf,mature,no,800.000000,249.050995,2786.000000
autumn_leaf,mature,no,800.000000,248.796005,2807.000000
autumn_leaf,mature,no,800.000000,248.539993,2779.000000
autumn_leaf,mature,no,800.000000,248.285004,2765.000000
autumn_leaf,mature,no,800.000000,248.029007,2754.000000
autumn_leaf,mature,no,800.000000,247.774002,2828.000000
autumn_leaf,mature,no,800.000000,247.518997,2743.000000
autumn_leaf,mature,no,800.000000,247.263000,2739.000000
autumn_leaf,mature,no,800.000000,247.007996,2782.000000
autumn_leaf,mature,no,800.000000,246.751999,2801.000000
autumn_leaf,mature,no,800.000000,246.496994,2766.000000
autumn_leaf,mature,no,800.000000,246.240997,2743.000000
autumn_leaf,mature,no,800.000000,245.985992,2755.000000
autumn_leaf,mature,no,800.000000,245.729996,2796.000000
autumn_leaf,mature,no,800.000000,245.475006,2734.000000
autumn_leaf,mature,no,800.000000,245.218994,2767.000000
autumn_leaf,mature,no,800.000000,244.964005,2752.000000
autumn_leaf,mature,no,800.000000,244.707993,2756.000000
autumn_leaf,mature,no,800.000000,244.453003,2766.000000
autumn_leaf,mature,no,800.000000,244.197006,2712.000000
autumn_leaf,mature,no,800.000000,243.942001,2769.000000
autumn_leaf,mature,no,800.000000,243.686005,2844.000000
autumn_leaf,mature,no,800.000000,243.431000,2782.000000
autumn_leaf,mature,no,800.000000,243.175003,2838.000000
autumn_leaf,mature,no,800.000000,242.919998,2790.000000
autumn_leaf,mature,no,800.000000,242.664001,2748.000000
autumn_leaf,mature,no,800.000000,242.408997,2723.000000
autumn_leaf,mature,no,800.000000,242.153000,2741.000000
autumn_leaf,mature,no,800.000000,241.897995,2754.000000
autumn_leaf,mature,no,800.000000,241.643005,2827.000000
autumn_leaf,mature,no,800.000000,241.386993,2748.000000
autumn_leaf,mature,no,800.000000,241.132004,2778.000000
autumn_leaf,mature,no,800.000000,240.876007,2795.000000
autumn_leaf,mature,no,800.000000,240.621002,2776.000000
autumn_leaf,mature,no,800.000000,240.365005,2735.000000
autumn_leaf,mature,no,800.000000,240.110001,2732.000000
autumn_leaf,mature,no,800.000000,239.854004,2771.000000
autumn_leaf,mature,no,800.000000,239.598999,2781.000000
autumn_leaf,mature,no,800.000000,239.343002,2752.000000
autumn_leaf,mature,no,800.000000,239.087997,2792.000000
autumn_leaf,mature,no,800.000000,238.832001,2801.000000
autumn_leaf,mature,no,800.000000,238.576996,2808.000000
autumn_leaf,mature,no,800.000000,238.320999,2748.000000
autumn_leaf,mature,no,800.000000,238.065994,2761.000000
autumn_leaf,mature,no,800.000000,237.809998,2766.000000
autumn_leaf,mature,no,800.000000,237.554993,2750.000000
autumn_leaf,mature,no,800.000000,237.298996,2744.000000
autumn_leaf,mature,no,800.000000,237.044006,2755.000000
autumn_leaf,mature,no,800.000000,236.787994,2750.000000
autumn_leaf,mature,no,800.000000,236.533005,2753.000000
autumn_leaf,mature,no,800.000000,236.276993,2766.000000
autumn_leaf,mature,no,800.000000,236.022003,2784.000000
autumn_leaf,mature,no,800.000000,235.766998,2750.000000
autumn_leaf,mature,no,800.000000,235.511002,2745.000000
autumn_leaf,mature,no,800.000000,235.255997,2763.000000
autumn_leaf,mature,no,800.000000,235.000000,2774.000000
autumn_leaf,mature,no,800.000000,234.744995,2798.000000
autumn_leaf,mature,no,800.000000,234.488998,2778.000000
autumn_leaf,mature,no,800.000000,234.233994,2740.000000
autumn_leaf,mature,no,800.000000,233.977997,2732.000000
autumn_leaf,mature,no,800.000000,233.723007,2776.000000
autumn_leaf,mature,no,800.000000,233.466995,2794.000000
autumn_leaf,mature,no,800.000000,233.212006,2788.000000
autumn_leaf,mature,no,800.000000,232.955994,2796.000000
autumn_leaf,mature,no,800.000000,232.701004,2779.000000
autumn_leaf,mature,no,800.000000,232.445007,2779.000000
autumn_leaf,mature,no,800.000000,232.190002,2737.000000
autumn_leaf,mature,no,800.000000,231.934006,2828.000000
autumn_leaf,mature,no,800.000000,231.679001,2781.000000
autumn_leaf,mature,no,800.000000,231.423004,2743.000000
autumn_leaf,mature,no,800.000000,231.167999,2780.000000
autumn_leaf,mature,no,800.000000,230.912003,2808.000000
autumn_leaf,mature,no,800.000000,230.656998,2791.000000
autumn_leaf,mature,no,800.000000,230.401001,2764.000000
autumn_leaf,mature,no,800.000000,230.145996,2817.000000
autumn_leaf,mature,no,800.000000,229.891006,2768.000000
autumn_leaf,mature,no,800.000000,229.634995,2734.000000
autumn_leaf,mature,no,800.000000,229.380005,2753.000000
autumn_leaf,mature,no,800.000000,229.123993,2767.000000
autumn_leaf,mature,no,800.000000,228.869003,2760.000000
autumn_leaf,mature,no,800.000000,228.613007,2787.000000
autumn_leaf,mature,no,800.000000,228.358002,2796.000000
autumn_leaf,mature,no,800.000000,228.102005,2796.000000
autumn_leaf,mature,no,800.000000,227.847000,2738.000000
autumn_leaf,mature,no,800.000000,227.591003,2756.000000
autumn_leaf,mature,no,800.000000,227.335999,2764.000000
autumn_leaf,mature,no,800.000000,227.080002,2760.000000
autumn_leaf,mature,no,800.000000,226.824997,2774.000000
autumn_leaf,mature,no,800.000000,226.569000,2769.000000
autumn_leaf,mature,no,800.000000,226.313995,2773.000000
autumn_leaf,mature,no,800.000000,226.057999,2789.000000
autumn_leaf,mature,no,800.000000,225.802994,2814.000000
autumn_leaf,mature,no,800.000000,225.546997,2770.000000
autumn_leaf,mature,no,800.000000,225.292007,2759.000000
autumn_leaf,mature,no,800.000000,225.035995,2800.000000
autumn_leaf,mature,no,800.000000,224.781006,2767.000000
autumn_leaf,mature,no,800.000000,224.524994,2758.000000
autumn_leaf,mature,no,800.000000,224.270004,2823.000000
autumn_leaf,mature,no,800.000000,224.014999,2780.000000
autumn_leaf,mature,no,800.000000,223.759003,2782.000000
autumn_leaf,mature,no,800.000000,223.503998,2784.000000
autumn_leaf,mature,no,800.000000,223.248001,2833.000000
autumn_leaf,mature,no,800.000000,222.992996,2792.000000
autumn_leaf,mature,no,800.000000,222.737000,2731.000000
autumn_leaf,mature,no,800.000000,222.481995,2728.000000
autumn_leaf,mature,no,800.000000,222.225998,2758.000000
autumn_leaf,mature,no,800.000000,221.970993,2738.000000
autumn_leaf,mature,no,800.000000,221.714996,2716.000000
autumn_leaf,mature,no,800.000000,221.460007,2785.000000
autumn_leaf,mature,no,800.000000,221.203995,2765.000000
autumn_leaf,mature,no,800.000000,220.949005,2807.000000
autumn_leaf,mature,no,800.000000,220.692993,2779.000000
autumn_leaf,mature,no,800.000000,220.438004,2774.000000
autumn_leaf,mature,no,800.000000,220.182007,2766.000000
autumn_leaf,mature,no,800.000000,219.927002,2843.000000
autumn_leaf,mature,no,800.000000,219.671005,2805.000000
autumn_leaf,mature,no,800.000000,219.416000,2769.000000
autumn_leaf,mature,no,800.000000,219.160004,2776.000000
autumn_leaf,mature,no,800.000000,218.904999,2797.000000
autumn_leaf,mature,no,800.000000,218.649002,2783.000000
autumn_leaf,mature,no,800.000000,218.393997,2835.000000
autumn_leaf,mature,no,800.000000,218.139008,2796.000000
autumn_leaf,mature,no,800.000000,217.882996,2805.000000
autumn_leaf,mature,no,800.000000,217.628006,2790.000000
autumn_leaf,mature,no,800.000000,217.371994,2765.000000
autumn_leaf,mature,no,800.000000,217.117004,2796.000000
autumn_leaf,mature,no,800.000000,216.860992,2815.000000
autumn_leaf,mature,no,800.000000,216.606003,2791.000000
autumn_leaf,mature,no,800.000000,216.350006,2818.000000
autumn_leaf,mature,no,800.000000,216.095001,2783.000000
autumn_leaf,mature,no,800.000000,215.839005,2793.000000
autumn_leaf,mature,no,800.000000,215.584000,2774.000000
autumn_leaf,mature,no,800.000000,215.328003,2764.000000
autumn_leaf,mature,no,800.000000,215.072998,2752.000000
autumn_leaf,mature,no,800.000000,214.817001,2741.000000
autumn_leaf,mature,no,800.000000,214.561996,2780.000000
autumn_leaf,mature,no,800.000000,214.306000,2795.000000
autumn_leaf,mature,no,800.000000,214.050995,2759.000000
autumn_leaf,mature,no,800.000000,213.794998,2812.000000
autumn_leaf,mature,no,800.000000,213.539993,2781.000000
autumn_leaf,mature,no,800.000000,213.283997,2794.000000
autumn_leaf,mature,no,800.000000,213.029007,2803.000000
autumn_leaf,mature,no,800.000000,212.772995,2783.000000
autumn_leaf,mature,no,800.000000,212.518005,2796.000000
autumn_leaf,mature,no,800.000000,212.263000,2728.000000
autumn_leaf,mature,no,800.000000,212.007004,2810.000000
autumn_leaf,mature,no,800.000000,211.751999,2795.000000
autumn_leaf,mature,no,800.000000,211.496002,2744.000000
autumn_leaf,mature,no,800.000000,211.240997,2728.000000
autumn_leaf,mature,no,800.000000,210.985001,2774.000000
autumn_leaf,mature,no,800.000000,210.729996,2807.000000
autumn_leaf,mature,no,800.000000,210.473999,2821.000000
autumn_leaf,mature,no,800.000000,210.218994,2751.000000
autumn_leaf,mature,no,800.000000,209.962997,2721.000000
autumn_leaf,mature,no,800.000000,209.707993,2729.000000
autumn_leaf,mature,no,800.000000,209.451996,2766.000000
autumn_leaf,mature,no,800.000000,209.197006,2779.000000
autumn_leaf,mature,no,800.000000,208.940994,2802.000000
autumn_leaf,mature,no,800.000000,208.686005,2760.000000
autumn_leaf,mature,no,800.000000,208.429993,2750.000000
autumn_leaf,mature,no,800.000000,208.175003,2734.000000
autumn_leaf,mature,no,800.000000,207.919006,2776.000000
autumn_leaf,mature,no,800.000000,207.664001,2771.000000
autumn_leaf,mature,no,800.000000,207.408005,2752.000000
autumn_leaf,mature,no,800.000000,207.153000,2793.000000
autumn_leaf,mature,no,800.000000,206.897003,2773.000000
autumn_leaf,mature,no,800.000000,206.641998,2784.000000
autumn_leaf,mature,no,800.000000,206.386993,2774.000000
autumn_leaf,mature,no,800.000000,206.130997,2797.000000
autumn_leaf,mature,no,800.000000,205.876007,2729.000000
autumn_leaf,mature,no,800.000000,205.619995,2738.000000
autumn_leaf,mature,no,800.000000,205.365005,2765.000000
autumn_leaf,mature,no,800.000000,205.108994,2760.000000
autumn_leaf,mature,no,800.000000,204.854004,2760.000000
autumn_leaf,mature,no,800.000000,204.598007,2780.000000
autumn_leaf,mature,no,800.000000,204.343002,2749.000000
autumn_leaf,mature,no,800.000000,204.087006,2771.000000
autumn_leaf,mature,no,800.000000,203.832001,2762.000000
autumn_leaf,mature,no,800.000000,203.576004,2760.000000
autumn_leaf,mature,no,800.000000,203.320999,2754.000000
autumn_leaf,mature,no,800.000000,203.065002,2796.000000
autumn_leaf,mature,no,800.000000,202.809998,2795.000000
autumn_leaf,mature,no,800.000000,202.554001,2763.000000
autumn_leaf,mature,no,800.000000,202.298996,2738.000000
autumn_leaf,mature,no,800.000000,202.042999,2746.000000
autumn_leaf,mature,no,800.000000,201.787994,2834.000000
autumn_leaf,mature,no,800.000000,201.531998,2811.000000
autumn_leaf,mature,no,800.000000,201.276993,2771.000000
autumn_leaf,mature,no,800.000000,201.020996,2789.000000
autumn_leaf,mature,no,800.000000,200.766006,2761.000000
autumn_leaf,mature,no,800.000000,200.511002,2768.000000
autumn_leaf,mature,no,800.000000,200.255005,2723.000000
autumn_leaf,mature,no,800.000000,200.000000,2794.000000
autumn_leaf,mature,no,800.000000,199.744003,2794.000000
autumn_leaf,mature,no,800.000000,199.488998,2778.000000
autumn_leaf,mature,no,800.000000,199.233002,2755.000000
autumn_leaf,mature,no,800.000000,198.977997,2784.000000
autumn_leaf,mature,no,800.000000,198.722000,2767.000000
autumn_leaf,mature,no,800.000000,198.466995,2731.000000
autumn_leaf,mature,no,800.000000,198.210999,2791.000000
autumn_leaf,mature,no,800.000000,197.955994,2727.000000
autumn_leaf,mature,no,800.000000,197.699997,2772.000000
autumn_leaf,mature,no,800.000000,197.445007,2790.000000
autumn_leaf,mature,no,800.000000,197.188995,2765.000000
autumn_leaf,mature,no,800.000000,196.934006,2788.000000
autumn_leaf,mature,no,800.000000,196.677994,2792.000000
autumn_leaf,mature,no,800.000000,196.423004,2770.000000
autumn_leaf,mature,no,800.000000,196.167007,2757.000000
autumn_leaf,mature,no,800.000000,195.912003,2758.000000
autumn_leaf,mature,no,800.000000,195.656006,2761.000000
autumn_leaf,mature,no,800.000000,195.401001,2763.000000
autumn_leaf,mature,no,800.000000,195.145004,2715.000000
autumn_leaf,mature,no,800.000000,194.889999,2767.000000
autumn_leaf,mature,no,800.000000,194.634995,2793.000000
autumn_leaf,mature,no,800.000000,194.378998,2819.000000
autumn_leaf,mature,no,800.000000,194.123993,2810.000000
autumn_leaf,mature,no,800.000000,193.867996,2803.000000
autumn_leaf,mature,no,800.000000,193.613007,2777.000000
autumn_leaf,mature,no,800.000000,193.356995,2795.000000
autumn_leaf,mature,no,800.000000,193.102005,2812.000000
autumn_leaf,mature,no,800.000000,192.845993,2789.000000
autumn_leaf,mature,no,800.000000,192.591003,2785.000000
autumn_leaf,mature,no,800.000000,192.335007,2745.000000
autumn_leaf,mature,no,800.000000,192.080002,2789.000000
autumn_leaf,mature,no,800.000000,191.824005,2767.000000
autumn_leaf,mature,no,800.000000,191.569000,2778.000000
autumn_leaf,mature,no,800.000000,191.313004,2757.000000
autumn_leaf,mature,no,800.000000,191.057999,2790.000000
autumn_leaf,mature,no,800.000000,190.802002,2743.000000
autumn_leaf,mature,no,800.000000,190.546997,2748.000000
autumn_leaf,mature,no,800.000000,190.291000,2772.000000
autumn_leaf,mature,no,800.000000,190.035995,2769.000000
autumn_leaf,mature,no,800.000000,189.779999,2745.000000
autumn_leaf,mature,no,800.000000,189.524994,2767.000000
autumn_leaf,mature,no,800.000000,189.268997,2845.000000
autumn_leaf,mature,no,800.000000,189.014008,2804.000000
autumn_leaf,mature,no,800.000000,188.759003,2780.000000
autumn_leaf,mature,no,800.000000,188.503006,2795.000000
autumn_leaf,mature,no,800.000000,188.248001,2730.000000
autumn_leaf,mature,no,800.000000,187.992004,2789.000000
autumn_leaf,mature,no,800.000000,187.737000,2752.000000
autumn_leaf,mature,no,800.000000,187.481003,2798.000000
autumn_leaf,mature,no,800.000000,187.225998,2773.000000
autumn_leaf,mature,no,800.000000,186.970001,2819.000000
autumn_leaf,mature,no,800.000000,186.714996,2772.000000
autumn_leaf,mature,no,800.000000,186.459000,2823.000000
autumn_leaf,mature,no,800.000000,186.203995,2814.000000
autumn_leaf,mature,no,800.000000,185.947998,2719.000000
autumn_leaf,mature,no,800.000000,185.692993,2705.000000
autumn_leaf,mature,no,800.000000,185.436996,2781.000000
autumn_leaf,mature,no,800.000000,185.182007,2770.000000
autumn_leaf,mature,no,800.000000,184.925995,2781.000000
autumn_leaf,mature,no,800.000000,184.671005,2800.000000
autumn_leaf,mature,no,800.000000,184.414993,2784.000000
autumn_leaf,mature,no,800.000000,184.160004,2805.000000
autumn_leaf,mature,no,800.000000,183.904007,2743.000000
autumn_leaf,mature,no,800.000000,183.649002,2736.000000
autumn_leaf,mature,no,800.000000,183.393005,2751.000000
autumn_leaf,mature,no,800.000000,183.138000,2783.000000
autumn_leaf,mature,no,800.000000,182.882996,2776.000000
autumn_leaf,mature,no,800.000000,182.626999,2804.000000
autumn_leaf,mature,no,800.000000,182.371994,2807.000000
autumn_leaf,mature,no,800.000000,182.115997,2809.000000
autumn_leaf,mature,no,800.000000,181.860992,2804.000000
autumn_leaf,mature,no,800.000000,181.604996,2771.000000
autumn_leaf,mature,no,800.000000,181.350006,2757.000000
autumn_leaf,mature,no,800.000000,181.093994,2788.000000
autumn_leaf,mature,no,800.000000,180.839005,2733.000000
autumn_leaf,mature,no,800.000000,180.582993,2757.000000
autumn_leaf,mature,no,800.000000,180.328003,2756.000000
autumn_leaf,mature,no,800.000000,180.072006,2754.000000
autumn_leaf,mature,no,800.000000,179.817001,2787.000000
autumn_leaf,mature,no,800.000000,179.561005,2780.000000
autumn_leaf,mature,no,800.000000,179.306000,2749.000000
autumn_leaf,mature,no,800.000000,179.050003,2744.000000
autumn_leaf,mature,no,800.000000,178.794998,2766.000000
autumn_leaf,mature,no,800.000000,178.539001,2768.000000
autumn_leaf,mature,no,800.000000,178.283997,2785.000000
autumn_leaf,mature,no,800.000000,178.028000,2764.000000
autumn_leaf,mature,no,800.000000,177.772995,2750.000000
autumn_leaf,mature,no,800.000000,177.516998,2795.000000
autumn_leaf,mature,no,800.000000,177.261993,2799.000000
autumn_leaf,mature,no,800.000000,177.007004,2738.000000
autumn_leaf,mature,no,800.000000,176.751007,2799.000000
autumn_leaf,mature,no,800.000000,176.496002,2824.000000
autumn_leaf,mature,no,800.000000,0.000000,2784.000000
autumn_leaf,mature,no,800.000000,0.000000,2808.000000
autumn_leaf,mature,no,800.000000,0.000000,2782.000000
autumn_leaf,mature,no,800.000000,0.000000,2768.000000
autumn_leaf,mature,no,800.000000,0.000000,2740.000000
autumn_leaf,mature,no,800.000000,0.000000,2788.000000
autumn_leaf,mature,no,800.000000,0.000000,2745.000000
autumn_leaf,mature,no,800.000000,0.000000,2770.000000
autumn_leaf,mature,no,800.000000,0.000000,2771.000000
autumn_leaf,mature,no,800.000000,0.000000,2752.000000
autumn_leaf,mature,no,800.000000,0.000000,2766.000000
autumn_leaf,mature,no,800.000000,0.000000,2751.000000
autumn_leaf,mature,no,800.000000,0.000000,2787.000000
autumn_leaf,mature,no,800.000000,0.000000,2765.000000
autumn_leaf,mature,no,800.000000,0.000000,2798.000000
autumn_leaf,mature,no,800.000000,0.000000,2758.000000
autumn_leaf,mature,no,800.000000,0.000000,2743.000000
autumn_leaf,mature,no,800.000000,0.000000,2770.000000
autumn_leaf,mature,no,800.000000,0.000000,2734.000000
autumn_leaf,mature,no,800.000000,0.000000,2753.000000
autumn_leaf,mature,no,800.000000,0.000000,2774.000000
autumn_leaf,mature,no,800.000000,0.000000,2788.000000
autumn_leaf,mature,no,800.000000,0.000000,2760.000000
autumn_leaf,mature,no,800.000000,0.000000,2825.000000
autumn_leaf,mature,no,800.000000,0.000000,2776.000000
autumn_leaf,mature,no,800.000000,0.000000,2761.000000
autumn_leaf,mature,no,800.000000,0.000000,2775.000000
autumn_leaf,mature,no,800.000000,0.000000,2764.000000
autumn_leaf,mature,no,800.000000,0.000000,2791.000000
autumn_leaf,mature,no,800.000000,0.000000,2803.000000
autumn_leaf,mature,no,800.000000,0.000000,2804.000000
autumn_leaf,mature,no,800.000000,0.000000,2746.000000
autumn_leaf,mature,no,800.000000,0.000000,2792.000000
autumn_leaf,mature,no,800.000000,0.000000,2847.000000
autumn_leaf,mature,no,800.000000,0.000000,2834.000000
autumn_leaf,mature,no,800.000000,0.000000,2818.000000
autumn_leaf,mature,no,800.000000,0.000000,2807.000000
autumn_leaf,mature,no,800.000000,0.000000,2766.000000
autumn_leaf,mature,no,800.000000,0.000000,2746.000000
autumn_leaf,mature,no,800.000000,0.000000,2730.000000
autumn_leaf,mature,no,800.000000,0.000000,2783.000000
