Subject,Subtype,Healthy,Sent Wavelength,Returned Wavelength,Returned Intensity
southernmagnolia,young,yes,0.000000,1233.788940,21.317139
southernmagnolia,young,yes,0.000000,1233.463989,16.238037
southernmagnolia,young,yes,0.000000,1233.139038,0.000000
southernmagnolia,young,yes,0.000000,1232.813965,6.040283
southernmagnolia,young,yes,0.000000,1232.489014,0.000000
southernmagnolia,young,yes,0.000000,1232.163940,3.922119
southernmagnolia,young,yes,0.000000,1231.839966,5.123047
southernmagnolia,young,yes,0.000000,1231.515015,0.000000
southernmagnolia,young,yes,0.000000,1231.189941,2.765381
southernmagnolia,young,yes,0.000000,1230.864990,3.406250
southernmagnolia,young,yes,0.000000,1230.540039,0.000000
southernmagnolia,young,yes,0.000000,1230.214966,3.128174
southernmagnolia,young,yes,0.000000,1229.890015,2.329590
southernmagnolia,young,yes,0.000000,1229.564941,12.290527
southernmagnolia,young,yes,0.000000,1229.239990,0.971436
southernmagnolia,young,yes,0.000000,1228.916016,7.292480
southernmagnolia,young,yes,0.000000,1228.590942,3.813721
southernmagnolia,young,yes,0.000000,1228.265991,2.894531
southernmagnolia,young,yes,0.000000,1227.941040,7.935547
southernmagnolia,young,yes,0.000000,1227.615967,6.416504
southernmagnolia,young,yes,0.000000,1227.291016,11.497803
southernmagnolia,young,yes,0.000000,1226.965942,4.258789
southernmagnolia,young,yes,0.000000,1226.640991,4.299805
southernmagnolia,young,yes,0.000000,1226.317017,4.100830
southernmagnolia,young,yes,0.000000,1225.991943,10.341797
southernmagnolia,young,yes,0.000000,1225.666992,7.422852
southernmagnolia,young,yes,0.000000,1225.342041,0.000000
southernmagnolia,young,yes,0.000000,1225.016968,5.064941
southernmagnolia,young,yes,0.000000,1224.692017,4.625732
southernmagnolia,young,yes,0.000000,1224.366943,3.027100
southernmagnolia,young,yes,0.000000,1224.041992,6.748047
southernmagnolia,young,yes,0.000000,1223.717041,7.989014
southernmagnolia,young,yes,0.000000,1223.392944,4.709961
southernmagnolia,young,yes,0.000000,1223.067993,0.000000
southernmagnolia,young,yes,0.000000,1222.743042,4.632080
southernmagnolia,young,yes,0.000000,1222.417969,0.513184
southernmagnolia,young,yes,0.000000,1222.093018,4.154053
southernmagnolia,young,yes,0.000000,1221.767944,0.355225
southernmagnolia,young,yes,0.000000,1221.442993,0.000000
southernmagnolia,young,yes,0.000000,1221.118042,10.357422
southernmagnolia,young,yes,0.000000,1220.793945,3.238281
southernmagnolia,young,yes,0.000000,1220.468994,0.000000
southernmagnolia,young,yes,0.000000,1220.144043,11.080566
southernmagnolia,young,yes,0.000000,1219.818970,8.001465
southernmagnolia,young,yes,0.000000,1219.494019,3.322510
southernmagnolia,young,yes,0.000000,1219.168945,9.243408
southernmagnolia,young,yes,0.000000,1218.843994,10.684326
southernmagnolia,young,yes,0.000000,1218.519043,7.085693
southernmagnolia,young,yes,0.000000,1218.193970,0.000000
southernmagnolia,young,yes,0.000000,1217.869995,0.000000
southernmagnolia,young,yes,0.000000,1217.545044,0.000000
southernmagnolia,young,yes,0.000000,1217.219971,5.169678
southernmagnolia,young,yes,0.000000,1216.895020,5.770752
southernmagnolia,young,yes,0.000000,1216.569946,9.171631
southernmagnolia,young,yes,0.000000,1216.244995,0.532715
southernmagnolia,young,yes,0.000000,1215.920044,3.213623
southernmagnolia,young,yes,0.000000,1215.594971,0.000000
southernmagnolia,young,yes,0.000000,1215.270996,2.575928
southernmagnolia,young,yes,0.000000,1214.946045,3.936768
southernmagnolia,young,yes,0.000000,1214.620972,1.017822
southernmagnolia,young,yes,0.000000,1214.296021,0.000000
southernmagnolia,young,yes,0.000000,1213.970947,0.140137
southernmagnolia,young,yes,0.000000,1213.645996,12.180908
southernmagnolia,young,yes,0.000000,1213.321045,4.342041
southernmagnolia,young,yes,0.000000,1212.995972,6.263184
southernmagnolia,young,yes,0.000000,1212.671021,4.184082
southernmagnolia,young,yes,0.000000,1212.347046,4.705078
southernmagnolia,young,yes,0.000000,1212.021973,4.186035
southernmagnolia,young,yes,0.000000,1211.697021,8.467041
southernmagnolia,young,yes,0.000000,1211.371948,5.588379
southernmagnolia,young,yes,0.000000,1211.046997,3.509277
southernmagnolia,young,yes,0.000000,1210.722046,9.070312
southernmagnolia,young,yes,0.000000,1210.396973,3.631348
southernmagnolia,young,yes,0.000000,1210.072021,12.072510
southernmagnolia,young,yes,0.000000,1209.746948,10.833496
southernmagnolia,young,yes,0.000000,1209.422974,5.874512
southernmagnolia,young,yes,0.000000,1209.098022,4.955322
southernmagnolia,young,yes,0.000000,1208.772949,4.996338
southernmagnolia,young,yes,0.000000,1208.447998,11.437500
southernmagnolia,young,yes,0.000000,1208.123047,0.000000
southernmagnolia,young,yes,0.000000,1207.797974,8.039551
southernmagnolia,young,yes,0.000000,1207.473022,2.760498
southernmagnolia,young,yes,0.000000,1207.147949,14.281738
southernmagnolia,young,yes,0.000000,1206.823975,6.322754
southernmagnolia,young,yes,0.000000,1206.499023,4.283691
southernmagnolia,young,yes,0.000000,1206.173950,2.284668
southernmagnolia,young,yes,0.000000,1205.848999,7.045898
southernmagnolia,young,yes,0.000000,1205.524048,10.526855
southernmagnolia,young,yes,0.000000,1205.198975,4.207764
southernmagnolia,young,yes,0.000000,1204.874023,4.088867
southernmagnolia,young,yes,0.000000,1204.548950,0.000000
southernmagnolia,young,yes,0.000000,1204.223999,2.651123
southernmagnolia,young,yes,0.000000,1203.900024,5.491943
southernmagnolia,young,yes,0.000000,1203.574951,2.292969
southernmagnolia,young,yes,0.000000,1203.250000,0.000000
southernmagnolia,young,yes,0.000000,1202.925049,14.135254
southernmagnolia,young,yes,0.000000,1202.599976,2.696045
southernmagnolia,young,yes,0.000000,1202.275024,0.000000
southernmagnolia,young,yes,0.000000,1201.949951,3.258057
southernmagnolia,young,yes,0.000000,1201.625000,2.659180
southernmagnolia,young,yes,0.000000,1201.301025,8.780273
southernmagnolia,young,yes,0.000000,1200.975952,10.181396
southernmagnolia,young,yes,0.000000,1200.651001,3.742188
southernmagnolia,young,yes,0.000000,1200.326050,2.183350
southernmagnolia,young,yes,0.000000,1200.000977,0.624512
southernmagnolia,young,yes,0.000000,1199.676025,4.145508
southernmagnolia,young,yes,0.000000,1199.350952,1.426514
southernmagnolia,young,yes,0.000000,1199.026001,6.747314
southernmagnolia,young,yes,0.000000,1198.701050,14.788574
southernmagnolia,young,yes,0.000000,1198.376953,9.989502
southernmagnolia,young,yes,0.000000,1198.052002,1.870605
southernmagnolia,young,yes,0.000000,1197.727051,6.951416
southernmagnolia,young,yes,0.000000,1197.401978,3.992432
southernmagnolia,young,yes,0.000000,1197.077026,2.233643
southernmagnolia,young,yes,0.000000,1196.751953,7.994629
southernmagnolia,young,yes,0.000000,1196.427002,0.875732
southernmagnolia,young,yes,0.000000,1196.102051,4.796631
southernmagnolia,young,yes,0.000000,1195.777954,9.277832
southernmagnolia,young,yes,0.000000,1195.453003,15.918945
southernmagnolia,young,yes,0.000000,1195.128052,2.239746
southernmagnolia,young,yes,0.000000,1194.802979,0.000000
southernmagnolia,young,yes,0.000000,1194.478027,12.561768
southernmagnolia,young,yes,0.000000,1194.152954,8.443115
southernmagnolia,young,yes,0.000000,1193.828003,2.763916
southernmagnolia,young,yes,0.000000,1193.503052,5.564941
southernmagnolia,young,yes,0.000000,1193.177979,9.605957
southernmagnolia,young,yes,0.000000,1192.854004,7.887207
southernmagnolia,young,yes,0.000000,1192.529053,7.248047
southernmagnolia,young,yes,0.000000,1192.203979,2.289062
southernmagnolia,young,yes,0.000000,1191.879028,8.010010
southernmagnolia,young,yes,0.000000,1191.553955,2.691162
southernmagnolia,young,yes,0.000000,1191.229004,5.572266
southernmagnolia,young,yes,0.000000,1190.904053,4.013184
southernmagnolia,young,yes,0.000000,1190.578979,4.214355
southernmagnolia,young,yes,0.000000,1190.255005,0.000000
southernmagnolia,young,yes,0.000000,1189.930054,1.816406
southernmagnolia,young,yes,0.000000,1189.604980,10.497314
southernmagnolia,young,yes,0.000000,1189.280029,5.698486
southernmagnolia,young,yes,0.000000,1188.954956,2.059326
southernmagnolia,young,yes,0.000000,1188.630005,8.500488
southernmagnolia,young,yes,0.000000,1188.305054,13.501465
southernmagnolia,young,yes,0.000000,1187.979980,1.742432
southernmagnolia,young,yes,0.000000,1187.655029,0.000000
southernmagnolia,young,yes,0.000000,1187.331055,6.184570
southernmagnolia,young,yes,0.000000,1187.005981,0.425781
southernmagnolia,young,yes,0.000000,1186.681030,19.866699
southernmagnolia,young,yes,0.000000,1186.355957,14.987549
southernmagnolia,young,yes,0.000000,1186.031006,8.228760
southernmagnolia,young,yes,0.000000,1185.706055,4.269775
southernmagnolia,young,yes,0.000000,1185.380981,6.670898
southernmagnolia,young,yes,0.000000,1185.056030,0.000000
southernmagnolia,young,yes,0.000000,1184.732056,0.000000
southernmagnolia,young,yes,0.000000,1184.406982,0.000000
southernmagnolia,young,yes,0.000000,1184.082031,0.000000
southernmagnolia,young,yes,0.000000,1183.756958,5.875977
southernmagnolia,young,yes,0.000000,1183.432007,0.000000
southernmagnolia,young,yes,0.000000,1183.107056,8.837891
southernmagnolia,young,yes,0.000000,1182.781982,5.679199
southernmagnolia,young,yes,0.000000,1182.457031,1.960205
southernmagnolia,young,yes,0.000000,1182.131958,5.201172
southernmagnolia,young,yes,0.000000,1181.807983,7.362061
southernmagnolia,young,yes,0.000000,1181.483032,1.643311
southernmagnolia,young,yes,0.000000,1181.157959,2.324219
southernmagnolia,young,yes,0.000000,1180.833008,1.245361
southernmagnolia,young,yes,0.000000,1180.508057,7.406250
southernmagnolia,young,yes,0.000000,1180.182983,3.767090
southernmagnolia,young,yes,0.000000,1179.858032,9.048340
southernmagnolia,young,yes,0.000000,1179.532959,0.969482
southernmagnolia,young,yes,0.000000,1179.208984,2.930420
southernmagnolia,young,yes,0.000000,1178.884033,0.000000
southernmagnolia,young,yes,0.000000,1178.558960,0.972656
southernmagnolia,young,yes,0.000000,1178.234009,0.000000
southernmagnolia,young,yes,0.000000,1177.909058,7.374512
southernmagnolia,young,yes,0.000000,1177.583984,13.695557
southernmagnolia,young,yes,0.000000,1177.259033,0.000000
southernmagnolia,young,yes,0.000000,1176.933960,2.897705
southernmagnolia,young,yes,0.000000,1176.609009,0.000000
southernmagnolia,young,yes,0.000000,1176.285034,7.539551
southernmagnolia,young,yes,0.000000,1175.959961,0.000000
southernmagnolia,young,yes,0.000000,1175.635010,5.981934
southernmagnolia,young,yes,0.000000,1175.310059,8.022705
southernmagnolia,young,yes,0.000000,1174.984985,7.663818
southernmagnolia,young,yes,0.000000,1174.660034,0.944824
southernmagnolia,young,yes,0.000000,1174.334961,0.000000
southernmagnolia,young,yes,0.000000,1174.010010,0.000000
southernmagnolia,young,yes,0.000000,1173.686035,8.347900
southernmagnolia,young,yes,0.000000,1173.360962,0.000000
southernmagnolia,young,yes,0.000000,1173.036011,4.109863
southernmagnolia,young,yes,0.000000,1172.711060,4.391113
southernmagnolia,young,yes,0.000000,1172.385986,0.832031
southernmagnolia,young,yes,0.000000,1172.061035,4.393066
southernmagnolia,young,yes,0.000000,1171.735962,1.114014
southernmagnolia,young,yes,0.000000,1171.411011,10.355225
southernmagnolia,young,yes,0.000000,1171.086060,7.156250
southernmagnolia,young,yes,0.000000,1170.761963,0.000000
southernmagnolia,young,yes,0.000000,1170.437012,6.598145
southernmagnolia,young,yes,0.000000,1170.112061,14.679199
southernmagnolia,young,yes,0.000000,1169.786987,0.000000
southernmagnolia,young,yes,0.000000,1169.462036,13.641357
southernmagnolia,young,yes,0.000000,1169.136963,4.482422
southernmagnolia,young,yes,0.000000,1168.812012,5.563232
southernmagnolia,young,yes,0.000000,1168.487061,1.284668
southernmagnolia,young,yes,0.000000,1168.162964,7.605469
southernmagnolia,young,yes,0.000000,1167.838013,2.326416
southernmagnolia,young,yes,0.000000,1167.512939,10.087402
southernmagnolia,young,yes,0.000000,1167.187988,7.288818
southernmagnolia,young,yes,0.000000,1166.863037,8.569580
southernmagnolia,young,yes,0.000000,1166.537964,7.610596
southernmagnolia,young,yes,0.000000,1166.213013,18.331543
southernmagnolia,young,yes,0.000000,1165.887939,6.692627
southernmagnolia,young,yes,0.000000,1165.562988,7.453857
southernmagnolia,young,yes,0.000000,1165.239014,0.134766
southernmagnolia,young,yes,0.000000,1164.913940,9.815674
southernmagnolia,young,yes,0.000000,1164.588989,0.000000
southernmagnolia,young,yes,0.000000,1164.264038,10.937988
southernmagnolia,young,yes,0.000000,1163.938965,3.898926
southernmagnolia,young,yes,0.000000,1163.614014,0.000000
southernmagnolia,young,yes,0.000000,1163.288940,3.460938
southernmagnolia,young,yes,0.000000,1162.963989,6.461914
southernmagnolia,young,yes,0.000000,1162.640015,2.423096
southernmagnolia,young,yes,0.000000,1162.314941,12.104004
southernmagnolia,young,yes,0.000000,1161.989990,1.265137
southernmagnolia,young,yes,0.000000,1161.665039,8.266113
southernmagnolia,young,yes,0.000000,1161.339966,0.000000
southernmagnolia,young,yes,0.000000,1161.015015,0.000000
southernmagnolia,young,yes,0.000000,1160.689941,0.389160
southernmagnolia,young,yes,0.000000,1160.364990,4.230225
southernmagnolia,young,yes,0.000000,1160.040039,2.231201
southernmagnolia,young,yes,0.000000,1159.715942,11.752441
southernmagnolia,young,yes,0.000000,1159.390991,1.633301
southernmagnolia,young,yes,0.000000,1159.066040,0.000000
southernmagnolia,young,yes,0.000000,1158.740967,2.035400
southernmagnolia,young,yes,0.000000,1158.416016,4.316650
southernmagnolia,young,yes,0.000000,1158.090942,15.357422
southernmagnolia,young,yes,0.000000,1157.765991,11.078369
southernmagnolia,young,yes,0.000000,1157.441040,5.399414
southernmagnolia,young,yes,0.000000,1157.116943,8.280762
southernmagnolia,young,yes,0.000000,1156.791992,7.161621
southernmagnolia,young,yes,0.000000,1156.467041,5.722656
southernmagnolia,young,yes,0.000000,1156.141968,3.643555
southernmagnolia,young,yes,0.000000,1155.817017,4.044678
southernmagnolia,young,yes,0.000000,1155.491943,4.045898
southernmagnolia,young,yes,0.000000,1155.166992,3.526855
southernmagnolia,young,yes,0.000000,1154.842041,5.087646
southernmagnolia,young,yes,0.000000,1154.516968,9.848633
southernmagnolia,young,yes,0.000000,1154.192993,10.449951
southernmagnolia,young,yes,0.000000,1153.868042,7.811035
southernmagnolia,young,yes,0.000000,1153.542969,2.332031
southernmagnolia,young,yes,0.000000,1153.218018,5.732910
southernmagnolia,young,yes,0.000000,1152.892944,2.773926
southernmagnolia,young,yes,0.000000,1152.567993,8.055176
southernmagnolia,young,yes,0.000000,1152.243042,11.696045
southernmagnolia,young,yes,0.000000,1151.917969,1.217041
southernmagnolia,young,yes,0.000000,1151.593994,8.018066
southernmagnolia,young,yes,0.000000,1151.269043,2.099121
southernmagnolia,young,yes,0.000000,1150.943970,5.660156
southernmagnolia,young,yes,0.000000,1150.619019,6.381104
southernmagnolia,young,yes,0.000000,1150.293945,9.502197
southernmagnolia,young,yes,0.000000,1149.968994,8.303467
southernmagnolia,young,yes,0.000000,1149.644043,5.344482
southernmagnolia,young,yes,0.000000,1149.318970,9.945312
southernmagnolia,young,yes,0.000000,1148.994019,0.000000
southernmagnolia,young,yes,0.000000,1148.670044,7.027344
southernmagnolia,young,yes,0.000000,1148.344971,12.868408
southernmagnolia,young,yes,0.000000,1148.020020,12.309570
southernmagnolia,young,yes,0.000000,1147.694946,0.590576
southernmagnolia,young,yes,0.000000,1147.369995,0.000000
southernmagnolia,young,yes,0.000000,1147.045044,2.152588
southernmagnolia,young,yes,0.000000,1146.719971,13.913574
southernmagnolia,young,yes,0.000000,1146.395020,3.594727
southernmagnolia,young,yes,0.000000,1146.071045,8.235596
southernmagnolia,young,yes,0.000000,1145.745972,1.116455
southernmagnolia,young,yes,0.000000,1145.421021,14.757812
southernmagnolia,young,yes,0.000000,1145.095947,0.000000
southernmagnolia,young,yes,0.000000,1144.770996,0.000000
southernmagnolia,young,yes,0.000000,1144.446045,7.200684
southernmagnolia,young,yes,0.000000,1144.120972,10.401855
southernmagnolia,young,yes,0.000000,1143.796021,15.922852
southernmagnolia,young,yes,0.000000,1143.470947,10.963867
southernmagnolia,young,yes,0.000000,1143.146973,0.404785
southernmagnolia,young,yes,0.000000,1142.822021,3.566162
southernmagnolia,young,yes,0.000000,1142.496948,7.767090
southernmagnolia,young,yes,0.000000,1142.171997,13.208008
southernmagnolia,young,yes,0.000000,1141.847046,12.089111
southernmagnolia,young,yes,0.000000,1141.521973,9.209961
southernmagnolia,young,yes,0.000000,1141.197021,0.000000
southernmagnolia,young,yes,0.000000,1140.871948,6.732178
southernmagnolia,young,yes,0.000000,1140.547974,4.013184
southernmagnolia,young,yes,0.000000,1140.223022,8.694092
southernmagnolia,young,yes,0.000000,1139.897949,0.000000
southernmagnolia,young,yes,0.000000,1139.572998,2.536377
southernmagnolia,young,yes,0.000000,1139.248047,9.737305
southernmagnolia,young,yes,0.000000,1138.922974,0.000000
southernmagnolia,young,yes,0.000000,1138.598022,0.000000
southernmagnolia,young,yes,0.000000,1138.272949,5.540527
southernmagnolia,young,yes,0.000000,1137.947998,11.901367
southernmagnolia,young,yes,0.000000,1137.624023,12.102539
southernmagnolia,young,yes,0.000000,1137.298950,4.423340
southernmagnolia,young,yes,0.000000,1136.973999,4.064697
southernmagnolia,young,yes,0.000000,1136.649048,12.265625
southernmagnolia,young,yes,0.000000,1136.323975,2.666504
southernmagnolia,young,yes,0.000000,1135.999023,3.627686
southernmagnolia,young,yes,0.000000,1135.673950,1.188721
southernmagnolia,young,yes,0.000000,1135.348999,0.000000
southernmagnolia,young,yes,0.000000,1135.025024,0.000000
southernmagnolia,young,yes,0.000000,1134.699951,0.031738
southernmagnolia,young,yes,0.000000,1134.375000,0.000000
southernmagnolia,young,yes,0.000000,1134.050049,2.394043
southernmagnolia,young,yes,0.000000,1133.724976,4.594971
southernmagnolia,young,yes,0.000000,1133.400024,3.715820
southernmagnolia,young,yes,0.000000,1133.074951,0.796875
southernmagnolia,young,yes,0.000000,1132.750000,4.638184
southernmagnolia,young,yes,0.000000,1132.425049,6.438965
southernmagnolia,young,yes,0.000000,1132.100952,5.120117
southernmagnolia,young,yes,0.000000,1131.776001,6.881104
southernmagnolia,young,yes,0.000000,1131.451050,0.000000
southernmagnolia,young,yes,0.000000,1131.125977,4.403320
southernmagnolia,young,yes,0.000000,1130.801025,0.000000
southernmagnolia,young,yes,0.000000,1130.475952,3.605225
southernmagnolia,young,yes,0.000000,1130.151001,1.686035
southernmagnolia,young,yes,0.000000,1129.826050,8.607422
southernmagnolia,young,yes,0.000000,1129.501953,11.568359
southernmagnolia,young,yes,0.000000,1129.177002,9.969238
southernmagnolia,young,yes,0.000000,1128.852051,0.050293
southernmagnolia,young,yes,0.000000,1128.526978,8.851562
southernmagnolia,young,yes,0.000000,1128.202026,2.892578
southernmagnolia,young,yes,0.000000,1127.876953,6.413574
southernmagnolia,young,yes,0.000000,1127.552002,5.734375
southernmagnolia,young,yes,0.000000,1127.227051,0.000000
southernmagnolia,young,yes,0.000000,1126.901978,7.096680
southernmagnolia,young,yes,0.000000,1126.578003,0.000000
southernmagnolia,young,yes,0.000000,1126.253052,0.098633
southernmagnolia,young,yes,0.000000,1125.927979,5.939453
southernmagnolia,young,yes,0.000000,1125.603027,3.460693
southernmagnolia,young,yes,0.000000,1125.277954,4.581787
southernmagnolia,young,yes,0.000000,1124.953003,13.462646
southernmagnolia,young,yes,0.000000,1124.628052,1.583740
southernmagnolia,young,yes,0.000000,1124.302979,10.464600
southernmagnolia,young,yes,0.000000,1123.978027,8.865967
southernmagnolia,young,yes,0.000000,1123.654053,7.746826
southernmagnolia,young,yes,0.000000,1123.328979,5.907959
southernmagnolia,young,yes,0.000000,1123.004028,0.000000
southernmagnolia,young,yes,0.000000,1122.678955,1.510010
southernmagnolia,young,yes,0.000000,1122.354004,4.111084
southernmagnolia,young,yes,0.000000,1122.029053,0.000000
southernmagnolia,young,yes,0.000000,1121.703979,0.000000
southernmagnolia,young,yes,0.000000,1121.379028,0.000000
southernmagnolia,young,yes,0.000000,1121.055054,0.000000
southernmagnolia,young,yes,0.000000,1120.729980,0.000000
southernmagnolia,young,yes,0.000000,1120.405029,3.597168
southernmagnolia,young,yes,0.000000,1120.079956,9.038086
southernmagnolia,young,yes,0.000000,1119.755005,9.959229
southernmagnolia,young,yes,0.000000,1119.430054,13.120361
southernmagnolia,young,yes,0.000000,1119.104980,8.681396
southernmagnolia,young,yes,0.000000,1118.780029,3.522217
southernmagnolia,young,yes,0.000000,1118.454956,0.000000
southernmagnolia,young,yes,0.000000,1118.130981,6.164551
southernmagnolia,young,yes,0.000000,1117.806030,8.485352
southernmagnolia,young,yes,0.000000,1117.480957,4.966309
southernmagnolia,young,yes,0.000000,1117.156006,0.000000
southernmagnolia,young,yes,0.000000,1116.831055,12.728516
southernmagnolia,young,yes,0.000000,1116.505981,12.249512
southernmagnolia,young,yes,0.000000,1116.181030,0.000000
southernmagnolia,young,yes,0.000000,1115.855957,7.811523
southernmagnolia,young,yes,0.000000,1115.531982,3.012695
southernmagnolia,young,yes,0.000000,1115.207031,12.613770
southernmagnolia,young,yes,0.000000,1114.881958,12.294678
southernmagnolia,young,yes,0.000000,1114.557007,0.000000
southernmagnolia,young,yes,0.000000,1114.232056,8.816650
southernmagnolia,young,yes,0.000000,1113.906982,0.000000
southernmagnolia,young,yes,0.000000,1113.582031,3.578857
southernmagnolia,young,yes,0.000000,1113.256958,12.499756
southernmagnolia,young,yes,0.000000,1112.932007,4.100830
southernmagnolia,young,yes,0.000000,1112.608032,6.062012
southernmagnolia,young,yes,0.000000,1112.282959,10.343018
southernmagnolia,young,yes,0.000000,1111.958008,6.464111
southernmagnolia,young,yes,0.000000,1111.633057,3.744873
southernmagnolia,young,yes,0.000000,1111.307983,9.106201
southernmagnolia,young,yes,0.000000,1110.983032,5.027100
southernmagnolia,young,yes,0.000000,1110.657959,7.188232
southernmagnolia,young,yes,0.000000,1110.333008,6.149170
southernmagnolia,young,yes,0.000000,1110.009033,4.229980
southernmagnolia,young,yes,0.000000,1109.683960,4.631348
southernmagnolia,young,yes,0.000000,1109.359009,2.272217
southernmagnolia,young,yes,0.000000,1109.034058,4.713379
southernmagnolia,young,yes,0.000000,1108.708984,10.394287
southernmagnolia,young,yes,0.000000,1108.384033,0.000000
southernmagnolia,young,yes,0.000000,1108.058960,3.316406
southernmagnolia,young,yes,0.000000,1107.734009,12.237305
southernmagnolia,young,yes,0.000000,1107.409058,12.838379
southernmagnolia,young,yes,0.000000,1107.084961,5.279297
southernmagnolia,young,yes,0.000000,1106.760010,0.000000
southernmagnolia,young,yes,0.000000,1106.435059,0.761475
southernmagnolia,young,yes,0.000000,1106.109985,0.000000
southernmagnolia,young,yes,0.000000,1105.785034,0.000000
southernmagnolia,young,yes,0.000000,1105.459961,5.604736
southernmagnolia,young,yes,0.000000,1105.135010,6.205811
southernmagnolia,young,yes,0.000000,1104.810059,0.000000
southernmagnolia,young,yes,0.000000,1104.485962,2.407715
southernmagnolia,young,yes,0.000000,1104.161011,0.888916
southernmagnolia,young,yes,0.000000,1103.836060,2.569824
southernmagnolia,young,yes,0.000000,1103.510986,6.850830
southernmagnolia,young,yes,0.000000,1103.186035,2.931885
southernmagnolia,young,yes,0.000000,1102.860962,0.812744
southernmagnolia,young,yes,0.000000,1102.536011,9.573975
southernmagnolia,young,yes,0.000000,1102.211060,0.000000
southernmagnolia,young,yes,0.000000,1101.885986,1.375977
southernmagnolia,young,yes,0.000000,1101.562012,0.000000
southernmagnolia,young,yes,0.000000,1101.237061,0.578125
southernmagnolia,young,yes,0.000000,1100.911987,0.000000
southernmagnolia,young,yes,0.000000,1100.587036,6.020020
southernmagnolia,young,yes,0.000000,1100.261963,4.861084
southernmagnolia,young,yes,0.000000,1099.937012,7.182129
southernmagnolia,young,yes,0.000000,1099.612061,0.000000
southernmagnolia,young,yes,0.000000,1099.286987,0.024170
southernmagnolia,young,yes,0.000000,1098.963013,10.305176
southernmagnolia,young,yes,0.000000,1098.637939,3.586182
southernmagnolia,young,yes,0.000000,1098.312988,0.947510
southernmagnolia,young,yes,0.000000,1097.988037,18.748535
southernmagnolia,young,yes,0.000000,1097.662964,11.069336
southernmagnolia,young,yes,0.000000,1097.338013,11.670410
southernmagnolia,young,yes,0.000000,1097.012939,17.071533
southernmagnolia,young,yes,0.000000,1096.687988,11.192627
southernmagnolia,young,yes,0.000000,1096.363037,9.353516
southernmagnolia,young,yes,0.000000,1096.038940,3.794434
southernmagnolia,young,yes,0.000000,1095.713989,0.315430
southernmagnolia,young,yes,0.000000,1095.389038,3.116699
southernmagnolia,young,yes,0.000000,1095.063965,0.000000
southernmagnolia,young,yes,0.000000,1094.739014,3.278564
southernmagnolia,young,yes,0.000000,1094.413940,9.439697
southernmagnolia,young,yes,0.000000,1094.088989,8.840820
southernmagnolia,young,yes,0.000000,1093.764038,5.641846
southernmagnolia,young,yes,0.000000,1093.439941,13.562744
southernmagnolia,young,yes,0.000000,1093.114990,9.563721
southernmagnolia,young,yes,0.000000,1092.790039,9.004883
southernmagnolia,young,yes,0.000000,1092.464966,12.565918
southernmagnolia,young,yes,0.000000,1092.140015,0.000000
southernmagnolia,young,yes,0.000000,1091.824951,9.768066
southernmagnolia,young,yes,0.000000,1091.510010,1.328857
southernmagnolia,young,yes,0.000000,1091.194946,0.000000
southernmagnolia,young,yes,0.000000,1090.880005,7.211182
southernmagnolia,young,yes,0.000000,1090.563965,0.000000
southernmagnolia,young,yes,0.000000,1090.249023,6.773193
southernmagnolia,young,yes,0.000000,1089.933960,12.654053
southernmagnolia,young,yes,0.000000,1089.619019,0.000000
southernmagnolia,young,yes,0.000000,1089.303955,0.000000
southernmagnolia,young,yes,0.000000,1088.989014,7.617188
southernmagnolia,young,yes,0.000000,1088.673950,5.498291
southernmagnolia,young,yes,0.000000,1088.359009,7.459473
southernmagnolia,young,yes,0.000000,1088.043945,5.260498
southernmagnolia,young,yes,0.000000,1087.728027,13.821289
southernmagnolia,young,yes,0.000000,1087.412964,6.302246
southernmagnolia,young,yes,0.000000,1087.098022,10.263672
southernmagnolia,young,yes,0.000000,1086.782959,0.000000
southernmagnolia,young,yes,0.000000,1086.468018,13.945557
southernmagnolia,young,yes,0.000000,1086.152954,9.466553
southernmagnolia,young,yes,0.000000,1085.838013,2.107422
southernmagnolia,young,yes,0.000000,1085.522949,0.000000
southernmagnolia,young,yes,0.000000,1085.208008,0.709717
southernmagnolia,young,yes,0.000000,1084.891968,0.000000
southernmagnolia,young,yes,0.000000,1084.577026,0.000000
southernmagnolia,young,yes,0.000000,1084.261963,11.152832
southernmagnolia,young,yes,0.000000,1083.947021,6.593750
southernmagnolia,young,yes,0.000000,1083.631958,2.234863
southernmagnolia,young,yes,0.000000,1083.317017,5.195801
southernmagnolia,young,yes,0.000000,1083.001953,0.000000
southernmagnolia,young,yes,0.000000,1082.687012,7.157959
southernmagnolia,young,yes,0.000000,1082.371948,5.878906
southernmagnolia,young,yes,0.000000,1082.056030,2.239990
southernmagnolia,young,yes,0.000000,1081.740967,0.080811
southernmagnolia,young,yes,0.000000,1081.426025,13.482178
southernmagnolia,young,yes,0.000000,1081.110962,3.483154
southernmagnolia,young,yes,0.000000,1080.796021,0.000000
southernmagnolia,young,yes,0.000000,1080.480957,7.405029
southernmagnolia,young,yes,0.000000,1080.166016,8.046387
southernmagnolia,young,yes,0.000000,1079.850952,8.327148
southernmagnolia,young,yes,0.000000,1079.536011,3.288330
southernmagnolia,young,yes,0.000000,1079.219971,0.000000
southernmagnolia,young,yes,0.000000,1078.905029,2.770264
southernmagnolia,young,yes,0.000000,1078.589966,4.451416
southernmagnolia,young,yes,0.000000,1078.275024,5.692383
southernmagnolia,young,yes,0.000000,1077.959961,1.333252
southernmagnolia,young,yes,0.000000,1077.645020,0.000000
southernmagnolia,young,yes,0.000000,1077.329956,2.655518
southernmagnolia,young,yes,0.000000,1077.015015,0.000000
southernmagnolia,young,yes,0.000000,1076.698975,10.137451
southernmagnolia,young,yes,0.000000,1076.384033,8.498535
southernmagnolia,young,yes,0.000000,1076.068970,0.000000
southernmagnolia,young,yes,0.000000,1075.754028,8.860596
southernmagnolia,young,yes,0.000000,1075.438965,18.501709
southernmagnolia,young,yes,0.000000,1075.124023,0.000000
southernmagnolia,young,yes,0.000000,1074.808960,0.000000
southernmagnolia,young,yes,0.000000,1074.494019,6.544922
southernmagnolia,young,yes,0.000000,1074.178955,7.505859
southernmagnolia,young,yes,0.000000,1073.863037,0.000000
southernmagnolia,young,yes,0.000000,1073.547974,13.027832
southernmagnolia,young,yes,0.000000,1073.233032,1.388916
southernmagnolia,young,yes,0.000000,1072.917969,7.510010
southernmagnolia,young,yes,0.000000,1072.603027,7.870850
southernmagnolia,young,yes,0.000000,1072.287964,3.351807
southernmagnolia,young,yes,0.000000,1071.973022,2.872803
southernmagnolia,young,yes,0.000000,1071.657959,0.000000
southernmagnolia,young,yes,0.000000,1071.343018,6.715088
southernmagnolia,young,yes,0.000000,1071.026978,1.956055
southernmagnolia,young,yes,0.000000,1070.712036,7.116943
southernmagnolia,young,yes,0.000000,1070.396973,5.758301
southernmagnolia,young,yes,0.000000,1070.082031,1.559326
southernmagnolia,young,yes,0.000000,1069.766968,0.000000
southernmagnolia,young,yes,0.000000,1069.452026,0.000000
southernmagnolia,young,yes,0.000000,1069.136963,1.042236
southernmagnolia,young,yes,0.000000,1068.822021,8.003418
southernmagnolia,young,yes,0.000000,1068.506958,2.964355
southernmagnolia,young,yes,0.000000,1068.191040,6.205322
southernmagnolia,young,yes,0.000000,1067.875977,7.446289
southernmagnolia,young,yes,0.000000,1067.561035,7.647461
southernmagnolia,young,yes,0.000000,1067.245972,10.288574
southernmagnolia,young,yes,0.000000,1066.931030,3.009521
southernmagnolia,young,yes,0.000000,1066.615967,2.490479
southernmagnolia,young,yes,0.000000,1066.301025,6.891602
southernmagnolia,young,yes,0.000000,1065.985962,4.532715
southernmagnolia,young,yes,0.000000,1065.671021,7.093750
southernmagnolia,young,yes,0.000000,1065.354980,8.774658
southernmagnolia,young,yes,0.000000,1065.040039,4.775635
southernmagnolia,young,yes,0.000000,1064.724976,9.816895
southernmagnolia,young,yes,0.000000,1064.410034,12.217773
southernmagnolia,young,yes,0.000000,1064.094971,10.418701
southernmagnolia,young,yes,0.000000,1063.780029,2.419678
southernmagnolia,young,yes,0.000000,1063.464966,8.621094
southernmagnolia,young,yes,0.000000,1063.150024,9.941895
southernmagnolia,young,yes,0.000000,1062.834961,10.902832
southernmagnolia,young,yes,0.000000,1062.519043,1.183838
southernmagnolia,young,yes,0.000000,1062.203979,5.224854
southernmagnolia,young,yes,0.000000,1061.889038,6.626221
southernmagnolia,young,yes,0.000000,1061.573975,1.947021
southernmagnolia,young,yes,0.000000,1061.259033,13.947998
southernmagnolia,young,yes,0.000000,1060.943970,4.428955
southernmagnolia,young,yes,0.000000,1060.629028,5.430176
southernmagnolia,young,yes,0.000000,1060.313965,10.511230
southernmagnolia,young,yes,0.000000,1059.999023,21.832275
southernmagnolia,young,yes,0.000000,1059.682983,15.153076
southernmagnolia,young,yes,0.000000,1059.368042,5.594482
southernmagnolia,young,yes,0.000000,1059.052979,1.675293
southernmagnolia,young,yes,0.000000,1058.738037,4.756348
southernmagnolia,young,yes,0.000000,1058.422974,1.197266
southernmagnolia,young,yes,0.000000,1058.108032,1.518311
southernmagnolia,young,yes,0.000000,1057.792969,11.279541
southernmagnolia,young,yes,0.000000,1057.478027,8.760498
southernmagnolia,young,yes,0.000000,1057.162964,1.801514
southernmagnolia,young,yes,0.000000,1056.847046,18.162354
southernmagnolia,young,yes,0.000000,1056.531982,0.803711
southernmagnolia,young,yes,0.000000,1056.217041,1.364746
southernmagnolia,young,yes,0.000000,1055.901978,4.005615
southernmagnolia,young,yes,0.000000,1055.587036,2.086670
southernmagnolia,young,yes,0.000000,1055.271973,14.447510
southernmagnolia,young,yes,0.000000,1054.957031,15.928711
southernmagnolia,young,yes,0.000000,1054.641968,4.889893
southernmagnolia,young,yes,0.000000,1054.327026,3.610840
southernmagnolia,young,yes,0.000000,1054.010986,7.891846
southernmagnolia,young,yes,0.000000,1053.696045,1.052979
southernmagnolia,young,yes,0.000000,1053.380981,0.000000
southernmagnolia,young,yes,0.000000,1053.066040,7.294922
southernmagnolia,young,yes,0.000000,1052.750977,8.415771
southernmagnolia,young,yes,0.000000,1052.436035,5.056885
southernmagnolia,young,yes,0.000000,1052.120972,4.138184
southernmagnolia,young,yes,0.000000,1051.806030,2.418945
southernmagnolia,young,yes,0.000000,1051.490967,10.500000
southernmagnolia,young,yes,0.000000,1051.175049,6.581055
southernmagnolia,young,yes,0.000000,1050.859985,17.222168
southernmagnolia,young,yes,0.000000,1050.545044,6.183105
southernmagnolia,young,yes,0.000000,1050.229980,7.704102
southernmagnolia,young,yes,0.000000,1049.915039,3.465088
southernmagnolia,young,yes,0.000000,1049.599976,4.186279
southernmagnolia,young,yes,0.000000,1049.285034,7.307373
southernmagnolia,young,yes,0.000000,1048.969971,0.868408
southernmagnolia,young,yes,0.000000,1048.655029,11.629395
southernmagnolia,young,yes,0.000000,1048.338989,9.430176
southernmagnolia,young,yes,0.000000,1048.024048,4.871582
southernmagnolia,young,yes,0.000000,1047.708984,10.232422
southernmagnolia,young,yes,0.000000,1047.394043,0.000000
southernmagnolia,young,yes,0.000000,1047.078979,2.954346
southernmagnolia,young,yes,0.000000,1046.764038,4.635742
southernmagnolia,young,yes,0.000000,1046.448975,12.236572
southernmagnolia,young,yes,0.000000,1046.134033,0.000000
southernmagnolia,young,yes,0.000000,1045.818970,0.000000
southernmagnolia,young,yes,0.000000,1045.503052,1.759521
southernmagnolia,young,yes,0.000000,1045.187988,0.000000
southernmagnolia,young,yes,0.000000,1044.873047,0.001709
southernmagnolia,young,yes,0.000000,1044.557983,6.122803
southernmagnolia,young,yes,0.000000,1044.243042,13.483643
southernmagnolia,young,yes,0.000000,1043.927979,9.925049
southernmagnolia,young,yes,0.000000,1043.613037,3.845947
southernmagnolia,young,yes,0.000000,1043.297974,9.006836
southernmagnolia,young,yes,0.000000,1042.982056,7.007812
southernmagnolia,young,yes,0.000000,1042.666992,12.569092
southernmagnolia,young,yes,0.000000,1042.352051,4.410156
southernmagnolia,young,yes,0.000000,1042.036987,4.250977
southernmagnolia,young,yes,0.000000,1041.722046,13.451904
southernmagnolia,young,yes,0.000000,1041.406982,3.572998
southernmagnolia,young,yes,0.000000,1041.092041,2.734131
southernmagnolia,young,yes,0.000000,1040.776978,11.055176
southernmagnolia,young,yes,0.000000,1040.462036,1.216064
southernmagnolia,young,yes,0.000000,1040.145996,8.977051
southernmagnolia,young,yes,0.000000,1039.831055,0.000000
southernmagnolia,young,yes,0.000000,1039.515991,2.619385
southernmagnolia,young,yes,0.000000,1039.201050,4.900391
southernmagnolia,young,yes,0.000000,1038.885986,17.621338
southernmagnolia,young,yes,0.000000,1038.571045,14.582275
southernmagnolia,young,yes,0.000000,1038.255981,9.783447
southernmagnolia,young,yes,0.000000,1037.941040,14.944580
southernmagnolia,young,yes,0.000000,1037.625977,4.025391
southernmagnolia,young,yes,0.000000,1037.310059,10.666504
southernmagnolia,young,yes,0.000000,1036.994995,2.827637
southernmagnolia,young,yes,0.000000,1036.680054,0.000000
southernmagnolia,young,yes,0.000000,1036.364990,7.149658
southernmagnolia,young,yes,0.000000,1036.050049,5.990479
southernmagnolia,young,yes,0.000000,1035.734985,0.000000
southernmagnolia,young,yes,0.000000,1035.420044,0.000000
southernmagnolia,young,yes,0.000000,1035.104980,5.833740
southernmagnolia,young,yes,0.000000,1034.790039,6.354736
southernmagnolia,young,yes,0.000000,1034.473999,8.515625
southernmagnolia,young,yes,0.000000,1034.159058,14.996826
southernmagnolia,young,yes,0.000000,1033.843994,4.718018
southernmagnolia,young,yes,0.000000,1033.529053,10.158936
southernmagnolia,young,yes,0.000000,1033.213989,10.599854
southernmagnolia,young,yes,0.000000,1032.899048,4.041016
southernmagnolia,young,yes,0.000000,1032.583984,8.001953
southernmagnolia,young,yes,0.000000,1032.269043,19.322998
southernmagnolia,young,yes,0.000000,1031.953979,16.164062
southernmagnolia,young,yes,0.000000,1031.637939,0.000000
southernmagnolia,young,yes,0.000000,1031.322998,4.126221
southernmagnolia,young,yes,0.000000,1031.008057,9.527100
southernmagnolia,young,yes,0.000000,1030.692993,6.688232
southernmagnolia,young,yes,0.000000,1030.378052,10.649170
southernmagnolia,young,yes,0.000000,1030.062988,1.450439
southernmagnolia,young,yes,0.000000,1029.748047,0.000000
southernmagnolia,young,yes,0.000000,1029.432983,4.932373
southernmagnolia,young,yes,0.000000,1029.118042,5.813232
southernmagnolia,young,yes,0.000000,1028.802002,2.134521
southernmagnolia,young,yes,0.000000,1028.487061,6.055420
southernmagnolia,young,yes,0.000000,1028.171997,12.296387
southernmagnolia,young,yes,0.000000,1027.857056,17.417480
southernmagnolia,young,yes,0.000000,1027.541992,8.018311
southernmagnolia,young,yes,0.000000,1027.227051,11.179688
southernmagnolia,young,yes,0.000000,1026.911987,1.220703
southernmagnolia,young,yes,0.000000,1026.597046,0.000000
southernmagnolia,young,yes,0.000000,1026.281982,7.822510
southernmagnolia,young,yes,0.000000,1025.965942,8.823730
southernmagnolia,young,yes,0.000000,1025.651001,0.000000
southernmagnolia,young,yes,0.000000,1025.336060,0.000000
southernmagnolia,young,yes,0.000000,1025.020996,12.466797
southernmagnolia,young,yes,0.000000,1024.706055,2.427734
southernmagnolia,young,yes,0.000000,1024.390991,8.268799
southernmagnolia,young,yes,0.000000,1024.076050,13.909912
southernmagnolia,young,yes,0.000000,1023.760986,7.950928
southernmagnolia,young,yes,0.000000,1023.445984,7.431885
southernmagnolia,young,yes,0.000000,1023.130005,13.113037
southernmagnolia,young,yes,0.000000,1022.815002,15.354004
southernmagnolia,young,yes,0.000000,1022.500000,13.794922
southernmagnolia,young,yes,0.000000,1022.184998,10.956055
southernmagnolia,young,yes,0.000000,1021.869995,3.036865
southernmagnolia,young,yes,0.000000,1021.554993,0.518066
southernmagnolia,young,yes,0.000000,1021.239990,9.839111
southernmagnolia,young,yes,0.000000,1020.924988,11.400146
southernmagnolia,young,yes,0.000000,1020.609985,15.881104
southernmagnolia,young,yes,0.000000,1020.294006,12.962402
southernmagnolia,young,yes,0.000000,1019.979004,11.483398
southernmagnolia,young,yes,0.000000,1019.664001,0.000000
southernmagnolia,young,yes,0.000000,1019.348999,6.165283
southernmagnolia,young,yes,0.000000,1019.033997,11.206543
southernmagnolia,young,yes,0.000000,1018.718994,0.887451
southernmagnolia,young,yes,0.000000,1018.403992,2.328369
southernmagnolia,young,yes,0.000000,1018.088989,16.649414
southernmagnolia,young,yes,0.000000,1017.773987,19.530273
southernmagnolia,young,yes,0.000000,1017.458008,4.811523
southernmagnolia,young,yes,0.000000,1017.143005,12.852539
southernmagnolia,young,yes,0.000000,1016.828003,8.293457
southernmagnolia,young,yes,0.000000,1016.513000,8.534424
southernmagnolia,young,yes,0.000000,1016.197998,2.655762
southernmagnolia,young,yes,0.000000,1015.882996,13.336670
southernmagnolia,young,yes,0.000000,1015.567993,8.737793
southernmagnolia,young,yes,0.000000,1015.252991,14.138672
southernmagnolia,young,yes,0.000000,1014.937988,10.339600
southernmagnolia,young,yes,0.000000,1014.622009,12.100830
southernmagnolia,young,yes,0.000000,1014.307007,9.821777
southernmagnolia,young,yes,0.000000,1013.992004,15.822754
southernmagnolia,young,yes,0.000000,1013.677002,4.863770
southernmagnolia,young,yes,0.000000,1013.362000,1.465088
southernmagnolia,young,yes,0.000000,1013.046997,8.065918
southernmagnolia,young,yes,0.000000,1012.731995,19.626953
southernmagnolia,young,yes,0.000000,1012.416992,19.387939
southernmagnolia,young,yes,0.000000,1012.101990,16.669189
southernmagnolia,young,yes,0.000000,1011.786011,10.910156
southernmagnolia,young,yes,0.000000,1011.471008,15.031250
southernmagnolia,young,yes,0.000000,1011.156006,5.632080
southernmagnolia,young,yes,0.000000,1010.841003,6.793213
southernmagnolia,young,yes,0.000000,1010.526001,16.634277
southernmagnolia,young,yes,0.000000,1010.210999,7.595215
southernmagnolia,young,yes,0.000000,1009.895996,15.676270
southernmagnolia,young,yes,0.000000,1009.580994,0.000000
southernmagnolia,young,yes,0.000000,1009.265015,10.118408
southernmagnolia,young,yes,0.000000,1008.950012,22.279541
southernmagnolia,young,yes,0.000000,1008.635010,15.080322
southernmagnolia,young,yes,0.000000,1008.320007,18.881348
southernmagnolia,young,yes,0.000000,1008.005005,13.842285
southernmagnolia,young,yes,0.000000,1007.690002,17.523682
southernmagnolia,young,yes,0.000000,1007.375000,14.284668
southernmagnolia,young,yes,0.000000,1007.059998,12.005615
southernmagnolia,young,yes,0.000000,1006.744995,10.566406
southernmagnolia,young,yes,0.000000,1006.429016,23.167725
southernmagnolia,young,yes,0.000000,1006.114014,5.408691
southernmagnolia,young,yes,0.000000,1005.799011,9.449707
southernmagnolia,young,yes,0.000000,1005.484009,14.290771
southernmagnolia,young,yes,0.000000,1005.169006,10.851807
southernmagnolia,young,yes,0.000000,1004.854004,16.932861
southernmagnolia,young,yes,0.000000,1004.539001,18.773926
southernmagnolia,young,yes,0.000000,1004.223999,15.894775
southernmagnolia,young,yes,0.000000,1003.908997,13.335693
southernmagnolia,young,yes,0.000000,1003.593018,15.537109
southernmagnolia,young,yes,0.000000,1003.278015,24.498047
southernmagnolia,young,yes,0.000000,1002.963013,16.739014
southernmagnolia,young,yes,0.000000,1002.648010,15.699951
southernmagnolia,young,yes,0.000000,1002.333008,23.221191
southernmagnolia,young,yes,0.000000,1002.018005,24.502197
southernmagnolia,young,yes,0.000000,1001.703003,8.743164
southernmagnolia,young,yes,0.000000,1001.388000,15.264160
southernmagnolia,young,yes,0.000000,1001.072998,16.985107
southernmagnolia,young,yes,0.000000,1000.757019,10.466309
southernmagnolia,young,yes,0.000000,1000.442017,8.107178
southernmagnolia,young,yes,0.000000,1000.127014,8.828369
southernmagnolia,young,yes,0.000000,999.812012,14.349121
southernmagnolia,young,yes,0.000000,999.497009,18.910400
southernmagnolia,young,yes,0.000000,999.182007,17.311523
southernmagnolia,young,yes,0.000000,998.867004,17.832520
southernmagnolia,young,yes,0.000000,998.552002,7.433350
southernmagnolia,young,yes,0.000000,998.237000,12.514648
southernmagnolia,young,yes,0.000000,997.921021,18.955566
southernmagnolia,young,yes,0.000000,997.606018,9.836670
southernmagnolia,young,yes,0.000000,997.291016,11.237549
southernmagnolia,young,yes,0.000000,996.976013,0.000000
southernmagnolia,young,yes,0.000000,996.661011,21.759766
southernmagnolia,young,yes,0.000000,996.346008,15.280762
southernmagnolia,young,yes,0.000000,996.031006,9.961670
southernmagnolia,young,yes,0.000000,995.716003,20.202637
southernmagnolia,young,yes,0.000000,995.401001,15.883789
southernmagnolia,young,yes,0.000000,995.085022,0.000000
southernmagnolia,young,yes,0.000000,994.770020,10.005859
southernmagnolia,young,yes,0.000000,994.455017,6.166748
southernmagnolia,young,yes,0.000000,994.140015,8.727783
southernmagnolia,young,yes,0.000000,993.825012,18.329102
southernmagnolia,young,yes,0.000000,993.510010,14.090088
southernmagnolia,young,yes,0.000000,993.195007,6.930908
southernmagnolia,young,yes,0.000000,992.880005,10.411865
southernmagnolia,young,yes,0.000000,992.565002,16.613037
southernmagnolia,young,yes,0.000000,992.249023,13.014160
southernmagnolia,young,yes,0.000000,991.934021,23.295166
southernmagnolia,young,yes,0.000000,991.619019,10.576172
southernmagnolia,young,yes,0.000000,991.304016,18.857422
southernmagnolia,young,yes,0.000000,990.989014,21.258301
southernmagnolia,young,yes,0.000000,990.674011,21.899170
southernmagnolia,young,yes,0.000000,990.359009,8.700195
southernmagnolia,young,yes,0.000000,990.044006,16.021240
southernmagnolia,young,yes,0.000000,989.729004,9.862549
southernmagnolia,young,yes,0.000000,989.413025,11.383301
southernmagnolia,young,yes,0.000000,989.098022,16.424316
southernmagnolia,young,yes,0.000000,988.783020,13.225342
southernmagnolia,young,yes,0.000000,988.468018,13.826660
southernmagnolia,young,yes,0.000000,988.153015,18.907471
southernmagnolia,young,yes,0.000000,987.838013,8.708496
southernmagnolia,young,yes,0.000000,987.523010,21.109619
southernmagnolia,young,yes,0.000000,987.208008,13.230469
southernmagnolia,young,yes,0.000000,986.893005,17.071777
southernmagnolia,young,yes,0.000000,986.577026,9.512695
southernmagnolia,young,yes,0.000000,986.262024,27.113770
southernmagnolia,young,yes,0.000000,985.947021,17.474609
southernmagnolia,young,yes,0.000000,985.632019,15.995850
southernmagnolia,young,yes,0.000000,985.317017,15.996826
southernmagnolia,young,yes,0.000000,985.002014,22.317871
southernmagnolia,young,yes,0.000000,984.687012,15.598877
southernmagnolia,young,yes,0.000000,984.372009,22.879883
southernmagnolia,young,yes,0.000000,984.057007,24.041016
southernmagnolia,young,yes,0.000000,983.741028,18.161865
southernmagnolia,young,yes,0.000000,983.426025,21.802979
southernmagnolia,young,yes,0.000000,983.111023,19.563965
southernmagnolia,young,yes,0.000000,982.796021,25.925049
southernmagnolia,young,yes,0.000000,982.481018,14.886230
southernmagnolia,young,yes,0.000000,982.166016,24.007080
southernmagnolia,young,yes,0.000000,981.851013,14.368164
southernmagnolia,young,yes,0.000000,981.536011,20.329346
southernmagnolia,young,yes,0.000000,981.221008,20.810303
southernmagnolia,young,yes,0.000000,980.905029,23.051270
southernmagnolia,young,yes,0.000000,980.590027,14.812256
southernmagnolia,young,yes,0.000000,980.275024,15.933105
southernmagnolia,young,yes,0.000000,979.960022,17.054443
southernmagnolia,young,yes,0.000000,979.645020,13.855469
southernmagnolia,young,yes,0.000000,979.330017,14.816406
southernmagnolia,young,yes,0.000000,979.015015,21.537354
southernmagnolia,young,yes,0.000000,978.700012,21.858643
southernmagnolia,young,yes,0.000000,978.383972,14.259521
southernmagnolia,young,yes,0.000000,978.068970,19.460449
southernmagnolia,young,yes,0.000000,977.754028,18.301514
southernmagnolia,young,yes,0.000000,977.439026,20.142578
southernmagnolia,young,yes,0.000000,977.124023,19.263672
southernmagnolia,young,yes,0.000000,976.809021,16.464600
southernmagnolia,young,yes,0.000000,976.494019,26.345703
southernmagnolia,young,yes,0.000000,976.179016,21.466553
southernmagnolia,young,yes,0.000000,975.864014,14.307861
southernmagnolia,young,yes,0.000000,975.547974,15.508789
southernmagnolia,young,yes,0.000000,975.232971,21.149902
southernmagnolia,young,yes,0.000000,974.918030,27.230713
southernmagnolia,young,yes,0.000000,974.603027,16.392090
southernmagnolia,young,yes,0.000000,974.288025,13.913086
southernmagnolia,young,yes,0.000000,973.973022,28.593994
southernmagnolia,young,yes,0.000000,973.658020,31.234863
southernmagnolia,young,yes,0.000000,973.343018,22.115967
southernmagnolia,young,yes,0.000000,973.028015,23.437012
southernmagnolia,young,yes,0.000000,972.711975,13.358154
southernmagnolia,young,yes,0.000000,972.396973,17.839111
southernmagnolia,young,yes,0.000000,972.081970,16.760010
southernmagnolia,young,yes,0.000000,971.767029,12.161377
southernmagnolia,young,yes,0.000000,971.452026,17.842285
southernmagnolia,young,yes,0.000000,971.137024,21.323242
southernmagnolia,young,yes,0.000000,970.822021,12.884277
southernmagnolia,young,yes,0.000000,970.507019,24.085205
southernmagnolia,young,yes,0.000000,970.192017,20.726318
southernmagnolia,young,yes,0.000000,969.875977,15.127441
southernmagnolia,young,yes,0.000000,969.560974,10.808350
southernmagnolia,young,yes,0.000000,969.245972,28.209229
southernmagnolia,young,yes,0.000000,968.931030,21.490479
southernmagnolia,young,yes,0.000000,968.616028,25.011475
southernmagnolia,young,yes,0.000000,968.301025,21.572510
southernmagnolia,young,yes,0.000000,967.986023,25.373535
southernmagnolia,young,yes,0.000000,967.671021,17.094727
southernmagnolia,young,yes,0.000000,967.356018,16.655762
southernmagnolia,young,yes,0.000000,967.039978,19.136719
southernmagnolia,young,yes,0.000000,966.724976,17.457520
southernmagnolia,young,yes,0.000000,966.409973,22.218506
southernmagnolia,young,yes,0.000000,966.094971,17.019775
southernmagnolia,young,yes,0.000000,965.780029,15.940918
southernmagnolia,young,yes,0.000000,965.473999,21.101807
southernmagnolia,young,yes,0.000000,965.169006,21.862793
southernmagnolia,young,yes,0.000000,964.862976,25.104004
southernmagnolia,young,yes,0.000000,964.557983,23.824951
southernmagnolia,young,yes,0.000000,964.252014,24.865967
southernmagnolia,young,yes,0.000000,963.945984,17.026855
southernmagnolia,young,yes,0.000000,963.640991,11.267822
southernmagnolia,young,yes,0.000000,963.335022,32.789062
southernmagnolia,young,yes,0.000000,963.030029,16.270020
southernmagnolia,young,yes,0.000000,962.723999,22.990967
southernmagnolia,young,yes,0.000000,962.418030,20.711914
southernmagnolia,young,yes,0.000000,962.112976,26.353271
southernmagnolia,young,yes,0.000000,961.807007,17.514160
southernmagnolia,young,yes,0.000000,961.502014,17.115234
southernmagnolia,young,yes,0.000000,961.195984,22.756104
southernmagnolia,young,yes,0.000000,960.890015,32.997314
southernmagnolia,young,yes,0.000000,960.585022,30.118408
southernmagnolia,young,yes,0.000000,960.278992,26.279297
southernmagnolia,young,yes,0.000000,959.973999,16.440430
southernmagnolia,young,yes,0.000000,959.668030,20.561279
southernmagnolia,young,yes,0.000000,959.362000,16.242432
southernmagnolia,young,yes,0.000000,959.057007,17.243408
southernmagnolia,young,yes,0.000000,958.750977,24.164551
southernmagnolia,young,yes,0.000000,958.445984,24.805420
southernmagnolia,young,yes,0.000000,958.140015,22.566650
southernmagnolia,young,yes,0.000000,957.833984,18.927734
southernmagnolia,young,yes,0.000000,957.528992,29.488525
southernmagnolia,young,yes,0.000000,957.223022,23.929688
southernmagnolia,young,yes,0.000000,956.918030,23.970703
southernmagnolia,young,yes,0.000000,956.612000,22.331787
southernmagnolia,young,yes,0.000000,956.306030,32.132812
southernmagnolia,young,yes,0.000000,956.000977,32.333740
southernmagnolia,young,yes,0.000000,955.695007,37.214844
southernmagnolia,young,yes,0.000000,955.390015,28.936035
southernmagnolia,young,yes,0.000000,955.083984,29.096924
southernmagnolia,young,yes,0.000000,954.778015,28.377930
southernmagnolia,young,yes,0.000000,954.473022,26.218994
southernmagnolia,young,yes,0.000000,954.166992,18.259766
southernmagnolia,young,yes,0.000000,953.862000,27.661133
southernmagnolia,young,yes,0.000000,953.556030,24.622070
southernmagnolia,young,yes,0.000000,953.250000,16.983154
southernmagnolia,young,yes,0.000000,952.945007,27.343994
southernmagnolia,young,yes,0.000000,952.638977,29.345215
southernmagnolia,young,yes,0.000000,952.333984,29.986328
southernmagnolia,young,yes,0.000000,952.028015,29.427246
southernmagnolia,young,yes,0.000000,951.721985,29.868164
southernmagnolia,young,yes,0.000000,951.416992,26.069336
southernmagnolia,young,yes,0.000000,951.111023,27.630371
southernmagnolia,young,yes,0.000000,950.806030,35.151367
southernmagnolia,young,yes,0.000000,950.500000,26.552246
southernmagnolia,young,yes,0.000000,950.193970,26.913330
southernmagnolia,young,yes,0.000000,949.888977,30.354492
southernmagnolia,young,yes,0.000000,949.583008,24.435547
southernmagnolia,young,yes,0.000000,949.278015,23.796387
southernmagnolia,young,yes,0.000000,948.971985,29.717529
southernmagnolia,young,yes,0.000000,948.666016,28.998779
southernmagnolia,young,yes,0.000000,948.361023,28.079590
southernmagnolia,young,yes,0.000000,948.054993,32.800537
southernmagnolia,young,yes,0.000000,947.750000,27.641602
southernmagnolia,young,yes,0.000000,947.443970,31.682617
southernmagnolia,young,yes,0.000000,947.138000,25.523682
southernmagnolia,young,yes,0.000000,946.833008,25.764648
southernmagnolia,young,yes,0.000000,946.526978,25.565674
southernmagnolia,young,yes,0.000000,946.221985,31.446777
southernmagnolia,young,yes,0.000000,945.916016,26.327881
southernmagnolia,young,yes,0.000000,945.609985,21.128906
southernmagnolia,young,yes,0.000000,945.304993,25.289795
southernmagnolia,young,yes,0.000000,944.999023,20.610840
southernmagnolia,young,yes,0.000000,944.693970,22.771973
southernmagnolia,young,yes,0.000000,944.388000,29.933105
southernmagnolia,young,yes,0.000000,944.081970,33.214111
southernmagnolia,young,yes,0.000000,943.776978,37.614990
southernmagnolia,young,yes,0.000000,943.471008,24.775879
southernmagnolia,young,yes,0.000000,943.166016,25.897217
southernmagnolia,young,yes,0.000000,942.859985,36.698242
southernmagnolia,young,yes,0.000000,942.554016,29.299072
southernmagnolia,young,yes,0.000000,942.249023,28.460205
southernmagnolia,young,yes,0.000000,941.942993,35.501465
southernmagnolia,young,yes,0.000000,941.638000,17.222412
southernmagnolia,young,yes,0.000000,941.331970,21.623291
southernmagnolia,young,yes,0.000000,941.026001,29.104248
southernmagnolia,young,yes,0.000000,940.721008,23.505371
southernmagnolia,young,yes,0.000000,940.414978,38.066406
southernmagnolia,young,yes,0.000000,940.109985,25.787354
southernmagnolia,young,yes,0.000000,939.804016,34.148438
southernmagnolia,young,yes,0.000000,939.497986,27.629395
southernmagnolia,young,yes,0.000000,939.192993,37.790527
southernmagnolia,young,yes,0.000000,938.887024,36.751709
southernmagnolia,young,yes,0.000000,938.581970,34.032715
southernmagnolia,young,yes,0.000000,938.276001,27.633545
southernmagnolia,young,yes,0.000000,937.969971,37.234863
southernmagnolia,young,yes,0.000000,937.664978,34.875732
southernmagnolia,young,yes,0.000000,937.359009,32.076660
southernmagnolia,young,yes,0.000000,937.054016,37.837646
southernmagnolia,young,yes,0.000000,936.747986,39.998779
southernmagnolia,young,yes,0.000000,936.442017,35.559814
southernmagnolia,young,yes,0.000000,936.137024,23.281006
southernmagnolia,young,yes,0.000000,935.830994,30.681885
southernmagnolia,young,yes,0.000000,935.526001,36.402832
southernmagnolia,young,yes,0.000000,935.219971,38.083984
southernmagnolia,young,yes,0.000000,934.914001,32.725098
southernmagnolia,young,yes,0.000000,934.609009,35.486084
southernmagnolia,young,yes,0.000000,934.302979,34.287109
southernmagnolia,young,yes,0.000000,933.997986,34.728027
southernmagnolia,young,yes,0.000000,933.692017,22.969238
southernmagnolia,young,yes,0.000000,933.385986,36.930176
southernmagnolia,young,yes,0.000000,933.080994,28.691162
southernmagnolia,young,yes,0.000000,932.775024,36.652100
southernmagnolia,young,yes,0.000000,932.469971,31.533447
southernmagnolia,young,yes,0.000000,932.164001,37.734375
southernmagnolia,young,yes,0.000000,931.857971,42.775391
southernmagnolia,young,yes,0.000000,931.552979,38.536377
southernmagnolia,young,yes,0.000000,931.247009,32.577393
southernmagnolia,young,yes,0.000000,930.942017,36.658447
southernmagnolia,young,yes,0.000000,930.635986,30.659424
southernmagnolia,young,yes,0.000000,930.330017,42.140381
southernmagnolia,young,yes,0.000000,930.025024,37.941406
southernmagnolia,young,yes,0.000000,929.718994,16.422607
southernmagnolia,young,yes,0.000000,929.414001,32.743652
southernmagnolia,young,yes,0.000000,929.107971,37.504639
southernmagnolia,young,yes,0.000000,928.802002,29.745605
southernmagnolia,young,yes,0.000000,928.497009,29.866699
southernmagnolia,young,yes,0.000000,928.190979,35.227783
southernmagnolia,young,yes,0.000000,927.885986,28.468750
southernmagnolia,young,yes,0.000000,927.580017,43.469727
southernmagnolia,young,yes,0.000000,927.273987,35.990723
southernmagnolia,young,yes,0.000000,926.968994,35.191895
southernmagnolia,young,yes,0.000000,926.663025,46.712891
southernmagnolia,young,yes,0.000000,926.357971,48.713867
southernmagnolia,young,yes,0.000000,926.052002,34.354736
southernmagnolia,young,yes,0.000000,925.745972,36.996094
southernmagnolia,young,yes,0.000000,925.440979,38.197021
southernmagnolia,young,yes,0.000000,925.135010,42.758057
southernmagnolia,young,yes,0.000000,924.830017,27.799072
southernmagnolia,young,yes,0.000000,924.523987,37.240234
southernmagnolia,young,yes,0.000000,924.218018,29.481201
southernmagnolia,young,yes,0.000000,923.913025,32.682129
southernmagnolia,young,yes,0.000000,923.606995,35.963135
southernmagnolia,young,yes,0.000000,923.302002,28.843994
southernmagnolia,young,yes,0.000000,922.995972,36.685303
southernmagnolia,young,yes,0.000000,922.690002,41.086426
southernmagnolia,young,yes,0.000000,922.385010,36.927246
southernmagnolia,young,yes,0.000000,922.078979,45.368164
southernmagnolia,young,yes,0.000000,921.773987,43.849365
southernmagnolia,young,yes,0.000000,921.468018,32.010498
southernmagnolia,young,yes,0.000000,921.161987,36.011475
southernmagnolia,young,yes,0.000000,920.856995,34.492432
southernmagnolia,young,yes,0.000000,920.551025,42.333496
southernmagnolia,young,yes,0.000000,920.245972,39.294678
southernmagnolia,young,yes,0.000000,919.940002,29.535645
southernmagnolia,young,yes,0.000000,919.633972,41.376465
southernmagnolia,young,yes,0.000000,919.328979,42.417480
southernmagnolia,young,yes,0.000000,919.023010,53.578857
southernmagnolia,young,yes,0.000000,918.718018,48.899658
southernmagnolia,young,yes,0.000000,918.411987,44.380615
southernmagnolia,young,yes,0.000000,918.106018,33.261719
southernmagnolia,young,yes,0.000000,917.801025,31.382568
southernmagnolia,young,yes,0.000000,917.494995,46.463867
southernmagnolia,young,yes,0.000000,917.190002,50.304932
southernmagnolia,young,yes,0.000000,916.883972,44.225830
southernmagnolia,young,yes,0.000000,916.578003,38.586914
southernmagnolia,young,yes,0.000000,916.273010,44.907959
southernmagnolia,young,yes,0.000000,915.966980,41.868896
southernmagnolia,young,yes,0.000000,915.661987,37.310059
southernmagnolia,young,yes,0.000000,915.356018,39.071045
southernmagnolia,young,yes,0.000000,915.049988,40.272217
southernmagnolia,young,yes,0.000000,914.744995,48.433105
southernmagnolia,young,yes,0.000000,914.439026,38.714111
southernmagnolia,young,yes,0.000000,914.133972,37.755127
southernmagnolia,young,yes,0.000000,913.828003,36.356201
southernmagnolia,young,yes,0.000000,913.521973,39.877197
southernmagnolia,young,yes,0.000000,913.216980,39.878174
southernmagnolia,young,yes,0.000000,912.911011,44.399170
southernmagnolia,young,yes,0.000000,912.606018,37.280273
southernmagnolia,young,yes,0.000000,912.299988,38.921387
southernmagnolia,young,yes,0.000000,911.997009,35.322510
southernmagnolia,young,yes,0.000000,911.695007,37.963379
southernmagnolia,young,yes,0.000000,911.392029,40.844482
southernmagnolia,young,yes,0.000000,911.090027,44.325439
southernmagnolia,young,yes,0.000000,910.786987,43.326660
southernmagnolia,young,yes,0.000000,910.484009,43.967529
southernmagnolia,young,yes,0.000000,910.182007,35.728516
southernmagnolia,young,yes,0.000000,909.879028,43.569580
southernmagnolia,young,yes,0.000000,909.575989,41.090820
southernmagnolia,young,yes,0.000000,909.273987,39.771729
southernmagnolia,young,yes,0.000000,908.971008,47.812744
southernmagnolia,young,yes,0.000000,908.669006,44.893555
southernmagnolia,young,yes,0.000000,908.366028,44.334961
southernmagnolia,young,yes,0.000000,908.062988,37.935791
southernmagnolia,young,yes,0.000000,907.760986,41.856934
southernmagnolia,young,yes,0.000000,907.458008,38.977783
southernmagnolia,young,yes,0.000000,907.156006,47.538818
southernmagnolia,young,yes,0.000000,906.853027,41.459961
southernmagnolia,young,yes,0.000000,906.549988,41.660889
southernmagnolia,young,yes,0.000000,906.247986,41.142090
southernmagnolia,young,yes,0.000000,905.945007,53.542969
southernmagnolia,young,yes,0.000000,905.643005,32.064209
southernmagnolia,young,yes,0.000000,905.340027,39.545166
southernmagnolia,young,yes,0.000000,905.036987,53.186035
southernmagnolia,young,yes,0.000000,904.734985,47.507080
southernmagnolia,young,yes,0.000000,904.432007,38.947998
southernmagnolia,young,yes,0.000000,904.129028,49.789307
southernmagnolia,young,yes,0.000000,903.827026,45.030273
southernmagnolia,young,yes,0.000000,903.523987,41.911133
southernmagnolia,young,yes,0.000000,903.221985,52.472168
southernmagnolia,young,yes,0.000000,902.919006,46.033447
southernmagnolia,young,yes,0.000000,902.616028,36.914307
southernmagnolia,young,yes,0.000000,902.314026,55.075439
southernmagnolia,young,yes,0.000000,902.010986,45.236328
southernmagnolia,young,yes,0.000000,901.708984,38.277588
southernmagnolia,young,yes,0.000000,901.406006,47.318604
southernmagnolia,young,yes,0.000000,901.103027,42.599609
southernmagnolia,young,yes,0.000000,900.801025,44.440430
southernmagnolia,young,yes,0.000000,900.497986,47.241455
southernmagnolia,young,yes,0.000000,900.195984,46.042725
southernmagnolia,young,yes,0.000000,899.893005,46.483643
southernmagnolia,young,yes,0.000000,899.590027,47.884766
southernmagnolia,young,yes,0.000000,899.288025,43.125732
southernmagnolia,young,yes,0.000000,898.984985,52.326904
southernmagnolia,young,yes,0.000000,898.682007,52.487793
southernmagnolia,young,yes,0.000000,898.380005,49.368896
southernmagnolia,young,yes,0.000000,898.077026,41.449707
southernmagnolia,young,yes,0.000000,897.775024,43.050781
southernmagnolia,young,yes,0.000000,897.471985,44.172119
southernmagnolia,young,yes,0.000000,897.169006,55.893066
southernmagnolia,young,yes,0.000000,896.867004,54.013916
southernmagnolia,young,yes,0.000000,896.564026,54.454834
southernmagnolia,young,yes,0.000000,896.262024,49.296143
southernmagnolia,young,yes,0.000000,895.958984,33.937012
southernmagnolia,young,yes,0.000000,895.656006,48.738037
southernmagnolia,young,yes,0.000000,895.354004,49.659180
southernmagnolia,young,yes,0.000000,895.051025,44.980225
southernmagnolia,young,yes,0.000000,894.747986,44.781250
southernmagnolia,young,yes,0.000000,894.445984,49.302246
southernmagnolia,young,yes,0.000000,894.143005,56.063232
southernmagnolia,young,yes,0.000000,893.841003,53.464111
southernmagnolia,young,yes,0.000000,893.538025,34.705322
southernmagnolia,young,yes,0.000000,893.234985,55.506348
southernmagnolia,young,yes,0.000000,892.932983,52.907471
southernmagnolia,young,yes,0.000000,892.630005,50.028320
southernmagnolia,young,yes,0.000000,892.328003,44.109619
southernmagnolia,young,yes,0.000000,892.025024,41.350586
southernmagnolia,young,yes,0.000000,891.721985,42.071533
southernmagnolia,young,yes,0.000000,891.419983,56.832520
southernmagnolia,young,yes,0.000000,891.117004,53.193604
southernmagnolia,young,yes,0.000000,890.814026,59.954590
southernmagnolia,young,yes,0.000000,890.512024,55.835693
southernmagnolia,young,yes,0.000000,890.208984,49.276611
southernmagnolia,young,yes,0.000000,889.906982,44.037598
southernmagnolia,young,yes,0.000000,889.604004,44.518799
southernmagnolia,young,yes,0.000000,889.301025,47.199951
southernmagnolia,young,yes,0.000000,888.999023,45.440918
southernmagnolia,young,yes,0.000000,888.695984,48.201904
southernmagnolia,young,yes,0.000000,888.393982,49.882812
southernmagnolia,young,yes,0.000000,888.091003,43.963867
southernmagnolia,young,yes,0.000000,887.788025,51.125000
southernmagnolia,young,yes,0.000000,887.486023,51.565918
southernmagnolia,young,yes,0.000000,887.182983,54.726807
southernmagnolia,young,yes,0.000000,886.880981,53.248047
southernmagnolia,young,yes,0.000000,886.578003,51.169189
southernmagnolia,young,yes,0.000000,886.275024,58.610107
southernmagnolia,young,yes,0.000000,885.973022,56.891113
southernmagnolia,young,yes,0.000000,885.669983,55.612305
southernmagnolia,young,yes,0.000000,885.367004,53.533203
southernmagnolia,young,yes,0.000000,885.065002,54.934326
southernmagnolia,young,yes,0.000000,884.762024,49.175293
southernmagnolia,young,yes,0.000000,884.460022,50.416260
southernmagnolia,young,yes,0.000000,884.156982,48.737305
southernmagnolia,young,yes,0.000000,883.854004,49.458496
southernmagnolia,young,yes,0.000000,883.552002,53.019287
southernmagnolia,young,yes,0.000000,883.249023,57.060303
southernmagnolia,young,yes,0.000000,882.947021,55.581543
southernmagnolia,young,yes,0.000000,882.643982,49.902588
southernmagnolia,young,yes,0.000000,882.341003,51.943604
southernmagnolia,young,yes,0.000000,882.039001,55.624512
southernmagnolia,young,yes,0.000000,881.736023,60.025391
southernmagnolia,young,yes,0.000000,881.434021,54.266602
southernmagnolia,young,yes,0.000000,881.130981,53.867676
southernmagnolia,young,yes,0.000000,880.828003,55.188721
southernmagnolia,young,yes,0.000000,880.526001,55.229736
southernmagnolia,young,yes,0.000000,880.223022,57.390869
southernmagnolia,young,yes,0.000000,879.919983,44.311768
southernmagnolia,young,yes,0.000000,879.617981,51.032715
southernmagnolia,young,yes,0.000000,879.315002,50.873779
southernmagnolia,young,yes,0.000000,879.013000,55.034912
southernmagnolia,young,yes,0.000000,878.710022,50.795898
southernmagnolia,young,yes,0.000000,878.406982,58.596924
southernmagnolia,young,yes,0.000000,878.104980,42.917969
southernmagnolia,young,yes,0.000000,877.802002,51.758789
southernmagnolia,young,yes,0.000000,877.500000,60.480225
southernmagnolia,young,yes,0.000000,877.197021,59.801025
southernmagnolia,young,yes,0.000000,876.893982,47.122070
southernmagnolia,young,yes,0.000000,876.591980,58.562988
southernmagnolia,young,yes,0.000000,876.289001,53.204346
southernmagnolia,young,yes,0.000000,875.986023,62.765137
southernmagnolia,young,yes,0.000000,875.684021,45.046143
southernmagnolia,young,yes,0.000000,875.380981,61.487305
southernmagnolia,young,yes,0.000000,875.078979,67.248291
southernmagnolia,young,yes,0.000000,874.776001,61.209473
southernmagnolia,young,yes,0.000000,874.473022,51.170410
southernmagnolia,young,yes,0.000000,874.171021,47.051270
southernmagnolia,young,yes,0.000000,873.867981,52.972412
southernmagnolia,young,yes,0.000000,873.565979,62.133545
southernmagnolia,young,yes,0.000000,873.263000,55.414551
southernmagnolia,young,yes,0.000000,872.960022,56.455566
southernmagnolia,young,yes,0.000000,872.658020,65.296387
southernmagnolia,young,yes,0.000000,872.354980,54.377686
southernmagnolia,young,yes,0.000000,872.052979,53.978760
southernmagnolia,young,yes,0.000000,871.750000,52.979736
southernmagnolia,young,yes,0.000000,871.447021,58.940674
southernmagnolia,young,yes,0.000000,871.145020,50.381592
southernmagnolia,young,yes,0.000000,870.841980,51.662842
southernmagnolia,young,yes,0.000000,870.539001,58.063721
southernmagnolia,young,yes,0.000000,870.237000,61.624756
southernmagnolia,young,yes,0.000000,869.934021,52.545654
southernmagnolia,young,yes,0.000000,869.632019,44.467041
southernmagnolia,young,yes,0.000000,869.328979,48.347900
southernmagnolia,young,yes,0.000000,869.026001,54.668945
southernmagnolia,young,yes,0.000000,868.723999,55.469971
southernmagnolia,young,yes,0.000000,868.421021,45.070801
southernmagnolia,young,yes,0.000000,868.119019,44.712158
southernmagnolia,young,yes,0.000000,867.815979,49.753174
southernmagnolia,young,yes,0.000000,867.513000,60.194092
southernmagnolia,young,yes,0.000000,867.210999,53.875000
southernmagnolia,young,yes,0.000000,866.908020,44.356201
southernmagnolia,young,yes,0.000000,866.606018,47.917236
southernmagnolia,young,yes,0.000000,866.302979,47.798096
southernmagnolia,young,yes,0.000000,866.000000,56.239258
southernmagnolia,young,yes,0.000000,865.697998,52.960449
southernmagnolia,young,yes,0.000000,865.395020,42.401367
southernmagnolia,young,yes,0.000000,865.091980,58.682373
southernmagnolia,young,yes,0.000000,864.789978,54.963379
southernmagnolia,young,yes,0.000000,864.487000,51.484375
southernmagnolia,young,yes,0.000000,864.184998,54.485596
southernmagnolia,young,yes,0.000000,863.882019,50.006592
southernmagnolia,young,yes,0.000000,863.578979,60.687500
southernmagnolia,young,yes,0.000000,863.276978,47.368408
southernmagnolia,young,yes,0.000000,862.973999,43.489746
southernmagnolia,young,yes,0.000000,862.671997,53.130615
southernmagnolia,young,yes,0.000000,862.369019,54.651611
southernmagnolia,young,yes,0.000000,862.065979,57.092529
southernmagnolia,young,yes,0.000000,861.763977,56.693604
southernmagnolia,young,yes,0.000000,861.460999,45.934814
southernmagnolia,young,yes,0.000000,861.158020,45.575684
southernmagnolia,young,yes,0.000000,860.856018,46.096680
southernmagnolia,young,yes,0.000000,860.552979,45.137695
southernmagnolia,young,yes,0.000000,860.250977,44.299072
southernmagnolia,young,yes,0.000000,859.947998,50.739990
southernmagnolia,young,yes,0.000000,859.645020,46.781006
southernmagnolia,young,yes,0.000000,859.343018,47.021973
southernmagnolia,young,yes,0.000000,859.039978,44.062988
southernmagnolia,young,yes,0.000000,858.737976,52.384033
southernmagnolia,young,yes,0.000000,858.434998,47.185059
southernmagnolia,young,yes,0.000000,858.132019,44.226074
southernmagnolia,young,yes,0.000000,857.830017,47.787109
southernmagnolia,young,yes,0.000000,857.526978,51.788330
southernmagnolia,young,yes,0.000000,857.224976,39.669189
southernmagnolia,young,yes,0.000000,856.921997,53.270264
southernmagnolia,young,yes,0.000000,856.619019,36.471191
southernmagnolia,young,yes,0.000000,856.317017,39.512451
southernmagnolia,young,yes,0.000000,856.013977,48.433350
southernmagnolia,young,yes,0.000000,855.710999,40.274414
southernmagnolia,young,yes,0.000000,855.408997,44.635254
southernmagnolia,young,yes,0.000000,855.106018,39.276367
southernmagnolia,young,yes,0.000000,854.804016,40.637451
southernmagnolia,young,yes,0.000000,854.500977,30.838379
southernmagnolia,young,yes,0.000000,854.197998,43.879395
southernmagnolia,young,yes,0.000000,853.895996,39.560547
southernmagnolia,young,yes,0.000000,853.593018,39.121582
southernmagnolia,young,yes,0.000000,853.291016,37.722656
southernmagnolia,young,yes,0.000000,852.987976,48.363525
southernmagnolia,young,yes,0.000000,852.684998,46.644531
southernmagnolia,young,yes,0.000000,852.382996,40.005615
southernmagnolia,young,yes,0.000000,852.080017,41.686768
southernmagnolia,young,yes,0.000000,851.776978,49.207764
southernmagnolia,young,yes,0.000000,851.474976,42.168701
southernmagnolia,young,yes,0.000000,851.171997,46.329834
southernmagnolia,young,yes,0.000000,850.869995,60.130859
southernmagnolia,young,yes,0.000000,850.567017,58.611816
southernmagnolia,young,yes,0.000000,850.263977,48.412842
southernmagnolia,young,yes,0.000000,849.961975,47.893799
southernmagnolia,young,yes,0.000000,849.658997,44.295166
southernmagnolia,young,yes,0.000000,849.356995,39.056152
southernmagnolia,young,yes,0.000000,849.054016,44.737061
southernmagnolia,young,yes,0.000000,848.750977,51.857910
southernmagnolia,young,yes,0.000000,848.448975,47.739014
southernmagnolia,young,yes,0.000000,848.145996,45.900146
southernmagnolia,young,yes,0.000000,847.843994,55.981201
southernmagnolia,young,yes,0.000000,847.541016,51.022217
southernmagnolia,young,yes,0.000000,847.237976,43.823242
southernmagnolia,young,yes,0.000000,846.935974,51.544434
southernmagnolia,young,yes,0.000000,846.632996,48.905273
southernmagnolia,young,yes,0.000000,846.330017,57.666260
southernmagnolia,young,yes,0.000000,846.028015,57.067383
southernmagnolia,young,yes,0.000000,845.724976,45.348389
southernmagnolia,young,yes,0.000000,845.422974,55.669434
southernmagnolia,young,yes,0.000000,845.119995,51.230469
southernmagnolia,young,yes,0.000000,844.817017,48.591553
southernmagnolia,young,yes,0.000000,844.515015,42.152344
southernmagnolia,young,yes,0.000000,844.211975,47.833740
southernmagnolia,young,yes,0.000000,843.909973,58.594727
southernmagnolia,young,yes,0.000000,843.606995,42.795654
southernmagnolia,young,yes,0.000000,843.304016,55.396484
southernmagnolia,young,yes,0.000000,843.002014,54.077881
southernmagnolia,young,yes,0.000000,842.698975,56.838867
southernmagnolia,young,yes,0.000000,842.395996,48.159668
southernmagnolia,young,yes,0.000000,842.093994,41.000732
southernmagnolia,young,yes,0.000000,841.791016,50.481689
southernmagnolia,young,yes,0.000000,841.489014,55.242920
southernmagnolia,young,yes,0.000000,841.185974,53.483887
southernmagnolia,young,yes,0.000000,840.882996,55.924805
southernmagnolia,young,yes,0.000000,840.580994,58.685791
southernmagnolia,young,yes,0.000000,840.278015,63.047119
southernmagnolia,young,yes,0.000000,839.976013,58.048096
southernmagnolia,young,yes,0.000000,839.672974,53.769043
southernmagnolia,young,yes,0.000000,839.369995,53.969971
southernmagnolia,young,yes,0.000000,839.067993,55.890869
southernmagnolia,young,yes,0.000000,838.765015,48.972168
southernmagnolia,young,yes,0.000000,838.463013,55.533203
southernmagnolia,young,yes,0.000000,838.159973,56.854248
southernmagnolia,young,yes,0.000000,837.856995,64.175049
southernmagnolia,young,yes,0.000000,837.554993,65.896240
southernmagnolia,young,yes,0.000000,837.252014,54.337402
southernmagnolia,young,yes,0.000000,836.948975,47.218262
southernmagnolia,young,yes,0.000000,836.646973,57.059326
southernmagnolia,young,yes,0.000000,836.343994,48.900391
southernmagnolia,young,yes,0.000000,836.041992,64.261475
southernmagnolia,young,yes,0.000000,835.739014,54.822510
southernmagnolia,young,yes,0.000000,835.435974,57.503418
southernmagnolia,young,yes,0.000000,835.133972,53.864502
southernmagnolia,young,yes,0.000000,834.830994,61.505615
southernmagnolia,young,yes,0.000000,834.528992,55.986572
southernmagnolia,young,yes,0.000000,834.226013,56.387695
southernmagnolia,young,yes,0.000000,833.922974,57.068604
southernmagnolia,young,yes,0.000000,833.620972,55.669678
southernmagnolia,young,yes,0.000000,833.317993,58.190674
southernmagnolia,young,yes,0.000000,833.015015,59.271729
southernmagnolia,young,yes,0.000000,832.713013,61.912598
southernmagnolia,young,yes,0.000000,832.409973,55.153564
southernmagnolia,young,yes,0.000000,832.107971,67.034912
southernmagnolia,young,yes,0.000000,831.804993,67.275879
southernmagnolia,young,yes,0.000000,831.502014,66.756836
southernmagnolia,young,yes,0.000000,831.200012,59.717773
southernmagnolia,young,yes,0.000000,830.896973,52.279053
southernmagnolia,young,yes,0.000000,830.594971,65.840088
southernmagnolia,young,yes,0.000000,830.291992,62.041016
southernmagnolia,young,yes,0.000000,829.989014,74.481934
southernmagnolia,young,yes,0.000000,829.687012,54.363281
southernmagnolia,young,yes,0.000000,829.383972,64.404297
southernmagnolia,young,yes,0.000000,829.081970,55.045166
southernmagnolia,young,yes,0.000000,828.778992,56.806152
southernmagnolia,young,yes,0.000000,828.476013,51.567139
southernmagnolia,young,yes,0.000000,828.174011,58.648438
southernmagnolia,young,yes,0.000000,827.870972,59.649414
southernmagnolia,young,yes,0.000000,827.567993,62.770264
southernmagnolia,young,yes,0.000000,827.265991,52.811279
southernmagnolia,young,yes,0.000000,826.963013,50.372559
southernmagnolia,young,yes,0.000000,826.661011,73.453369
southernmagnolia,young,yes,0.000000,826.357971,64.574463
southernmagnolia,young,yes,0.000000,826.054993,65.855469
southernmagnolia,young,yes,0.000000,825.752991,57.656494
southernmagnolia,young,yes,0.000000,825.450012,60.177490
southernmagnolia,young,yes,0.000000,825.148010,59.618652
southernmagnolia,young,yes,0.000000,824.844971,63.179443
southernmagnolia,young,yes,0.000000,824.541992,67.540527
southernmagnolia,young,yes,0.000000,824.239990,62.621826
southernmagnolia,young,yes,0.000000,823.937012,67.822754
southernmagnolia,young,yes,0.000000,823.635010,65.663818
southernmagnolia,young,yes,0.000000,823.331970,67.264648
southernmagnolia,young,yes,0.000000,823.028992,70.505615
southernmagnolia,young,yes,0.000000,822.726990,65.826904
southernmagnolia,young,yes,0.000000,822.424011,65.107910
southernmagnolia,young,yes,0.000000,822.120972,60.068848
southernmagnolia,young,yes,0.000000,821.818970,64.269775
southernmagnolia,young,yes,0.000000,821.515991,76.071045
southernmagnolia,young,yes,0.000000,821.213989,70.191895
southernmagnolia,young,yes,0.000000,820.911011,74.712891
southernmagnolia,young,yes,0.000000,820.607971,67.553955
southernmagnolia,young,yes,0.000000,820.306030,60.435303
southernmagnolia,young,yes,0.000000,820.002991,47.676270
southernmagnolia,young,yes,0.000000,819.700989,54.797119
southernmagnolia,young,yes,0.000000,819.398010,65.078125
southernmagnolia,young,yes,0.000000,819.094971,67.999023
southernmagnolia,young,yes,0.000000,818.793030,65.240234
southernmagnolia,young,yes,0.000000,818.489990,63.921387
southernmagnolia,young,yes,0.000000,818.187012,63.202148
southernmagnolia,young,yes,0.000000,817.885010,67.083252
southernmagnolia,young,yes,0.000000,817.581970,61.484375
southernmagnolia,young,yes,0.000000,817.280029,65.805420
southernmagnolia,young,yes,0.000000,816.976990,73.726318
southernmagnolia,young,yes,0.000000,816.674011,65.527344
southernmagnolia,young,yes,0.000000,816.372009,68.328369
southernmagnolia,young,yes,0.000000,816.068970,73.969482
southernmagnolia,young,yes,0.000000,815.767029,74.930664
southernmagnolia,young,yes,0.000000,815.463989,66.411621
southernmagnolia,young,yes,0.000000,815.161011,76.412598
southernmagnolia,young,yes,0.000000,814.859009,56.413818
southernmagnolia,young,yes,0.000000,814.556030,58.774658
southernmagnolia,young,yes,0.000000,814.254028,63.695801
southernmagnolia,young,yes,0.000000,813.950989,60.856689
southernmagnolia,young,yes,0.000000,813.648010,63.777832
southernmagnolia,young,yes,0.000000,813.346008,65.178955
southernmagnolia,young,yes,0.000000,813.043030,73.339844
southernmagnolia,young,yes,0.000000,812.739990,66.220703
southernmagnolia,young,yes,0.000000,812.437988,70.261719
southernmagnolia,young,yes,0.000000,812.135010,60.302979
southernmagnolia,young,yes,0.000000,811.833008,54.144043
southernmagnolia,young,yes,0.000000,811.530029,70.705078
southernmagnolia,young,yes,0.000000,811.229980,81.145996
southernmagnolia,young,yes,0.000000,810.929993,78.147217
southernmagnolia,young,yes,0.000000,810.629028,73.428223
southernmagnolia,young,yes,0.000000,810.328979,74.229004
southernmagnolia,young,yes,0.000000,810.028992,61.950195
southernmagnolia,young,yes,0.000000,809.729004,67.431152
southernmagnolia,young,yes,0.000000,809.429016,72.752197
southernmagnolia,young,yes,0.000000,809.129028,67.833252
southernmagnolia,young,yes,0.000000,808.828003,77.554199
southernmagnolia,young,yes,0.000000,808.528015,70.715332
southernmagnolia,young,yes,0.000000,808.228027,77.236328
southernmagnolia,young,yes,0.000000,807.927979,66.397461
southernmagnolia,young,yes,0.000000,807.627991,72.558350
southernmagnolia,young,yes,0.000000,807.327026,79.799316
southernmagnolia,young,yes,0.000000,807.026978,71.560547
southernmagnolia,young,yes,0.000000,806.726990,68.321533
southernmagnolia,young,yes,0.000000,806.427002,73.922607
southernmagnolia,young,yes,0.000000,806.127014,80.283447
southernmagnolia,young,yes,0.000000,805.825989,81.964600
southernmagnolia,young,yes,0.000000,805.526001,76.245605
southernmagnolia,young,yes,0.000000,805.226013,76.646729
southernmagnolia,young,yes,0.000000,804.926025,74.047607
southernmagnolia,young,yes,0.000000,804.625977,79.208740
southernmagnolia,young,yes,0.000000,804.325989,75.809814
southernmagnolia,young,yes,0.000000,804.025024,65.930908
southernmagnolia,young,yes,0.000000,803.724976,75.531738
southernmagnolia,young,yes,0.000000,803.424988,70.812744
southernmagnolia,young,yes,0.000000,803.125000,73.813721
southernmagnolia,young,yes,0.000000,802.825012,76.854980
southernmagnolia,young,yes,0.000000,802.523987,77.295898
southernmagnolia,young,yes,0.000000,802.223999,69.616943
southernmagnolia,young,yes,0.000000,801.924011,78.017822
southernmagnolia,young,yes,0.000000,801.624023,70.219238
southernmagnolia,young,yes,0.000000,801.323975,69.780029
southernmagnolia,young,yes,0.000000,801.023010,74.901123
southernmagnolia,young,yes,0.000000,800.723022,79.781982
southernmagnolia,young,yes,0.000000,800.422974,80.503418
southernmagnolia,young,yes,0.000000,800.122986,71.384277
southernmagnolia,young,yes,0.000000,799.822998,75.665283
southernmagnolia,young,yes,0.000000,799.523010,78.866211
southernmagnolia,young,yes,0.000000,799.221985,76.307129
southernmagnolia,young,yes,0.000000,798.921997,74.788330
southernmagnolia,young,yes,0.000000,798.622009,90.909424
southernmagnolia,young,yes,0.000000,798.322021,80.390381
southernmagnolia,young,yes,0.000000,798.021973,83.271240
southernmagnolia,young,yes,0.000000,797.721008,78.192627
southernmagnolia,young,yes,0.000000,797.421021,80.433594
southernmagnolia,young,yes,0.000000,797.120972,86.514648
southernmagnolia,young,yes,0.000000,796.820984,73.155518
southernmagnolia,young,yes,0.000000,796.520996,75.556396
southernmagnolia,young,yes,0.000000,796.219971,80.837646
southernmagnolia,young,yes,0.000000,795.919983,83.958740
southernmagnolia,young,yes,0.000000,795.619995,84.919678
southernmagnolia,young,yes,0.000000,795.320007,73.240723
southernmagnolia,young,yes,0.000000,795.020020,69.481934
southernmagnolia,young,yes,0.000000,794.719971,67.882812
southernmagnolia,young,yes,0.000000,794.419006,81.163818
southernmagnolia,young,yes,0.000000,794.119019,86.004883
southernmagnolia,young,yes,0.000000,793.818970,75.285889
southernmagnolia,young,yes,0.000000,793.518982,81.447021
southernmagnolia,young,yes,0.000000,793.218994,80.728027
southernmagnolia,young,yes,0.000000,792.918030,82.009033
southernmagnolia,young,yes,0.000000,792.617981,78.209961
southernmagnolia,young,yes,0.000000,792.317993,78.051025
southernmagnolia,young,yes,0.000000,792.018005,85.372070
southernmagnolia,young,yes,0.000000,791.718018,81.013184
southernmagnolia,young,yes,0.000000,791.416992,74.534180
southernmagnolia,young,yes,0.000000,791.117004,78.615234
southernmagnolia,young,yes,0.000000,790.817017,86.416260
southernmagnolia,young,yes,0.000000,790.517029,88.617188
southernmagnolia,young,yes,0.000000,790.216980,75.858154
southernmagnolia,young,yes,0.000000,789.916992,86.299072
southernmagnolia,young,yes,0.000000,789.616028,83.660400
southernmagnolia,young,yes,0.000000,789.315979,77.301270
southernmagnolia,young,yes,0.000000,789.015991,76.662354
southernmagnolia,young,yes,0.000000,788.716003,79.063232
southernmagnolia,young,yes,0.000000,788.416016,81.584473
southernmagnolia,young,yes,0.000000,788.114990,74.585449
southernmagnolia,young,yes,0.000000,787.815002,80.386475
southernmagnolia,young,yes,0.000000,787.515015,84.227539
southernmagnolia,young,yes,0.000000,787.215027,78.668457
southernmagnolia,young,yes,0.000000,786.914978,88.669678
southernmagnolia,young,yes,0.000000,786.614014,76.070557
southernmagnolia,young,yes,0.000000,786.314026,77.671631
southernmagnolia,young,yes,0.000000,786.013977,73.192627
southernmagnolia,young,yes,0.000000,785.713989,92.713867
southernmagnolia,young,yes,0.000000,785.414001,88.514893
southernmagnolia,young,yes,0.000000,785.114014,81.395752
southernmagnolia,young,yes,0.000000,784.812988,84.716797
southernmagnolia,young,yes,0.000000,784.513000,80.877930
southernmagnolia,young,yes,0.000000,784.213013,81.078857
southernmagnolia,young,yes,0.000000,783.913025,83.199951
southernmagnolia,young,yes,0.000000,783.612976,80.960938
southernmagnolia,young,yes,0.000000,783.312012,90.241943
southernmagnolia,young,yes,0.000000,783.012024,88.163086
southernmagnolia,young,yes,0.000000,782.711975,85.644043
southernmagnolia,young,yes,0.000000,782.411987,95.925049
southernmagnolia,young,yes,0.000000,782.112000,88.286133
southernmagnolia,young,yes,0.000000,781.810974,78.247314
southernmagnolia,young,yes,0.000000,781.510986,67.008301
southernmagnolia,young,yes,0.000000,781.210999,74.569336
southernmagnolia,young,yes,0.000000,780.911011,88.410156
southernmagnolia,young,yes,0.000000,780.611023,84.611084
southernmagnolia,young,yes,0.000000,780.310974,96.212402
southernmagnolia,young,yes,0.000000,780.010010,92.813477
southernmagnolia,young,yes,0.000000,779.710022,85.414307
southernmagnolia,young,yes,0.000000,779.409973,90.695312
southernmagnolia,young,yes,0.000000,779.109985,77.936523
southernmagnolia,young,yes,0.000000,778.809998,87.777588
southernmagnolia,young,yes,0.000000,778.508972,88.778564
southernmagnolia,young,yes,0.000000,778.208984,89.219482
southernmagnolia,young,yes,0.000000,777.908997,82.740723
southernmagnolia,young,yes,0.000000,777.609009,85.061768
southernmagnolia,young,yes,0.000000,777.309021,84.822754
southernmagnolia,young,yes,0.000000,777.007996,89.063721
southernmagnolia,young,yes,0.000000,776.708008,85.784668
southernmagnolia,young,yes,0.000000,776.408020,87.665771
southernmagnolia,young,yes,0.000000,776.107971,90.546875
southernmagnolia,young,yes,0.000000,775.807983,93.827881
southernmagnolia,young,yes,0.000000,775.507996,90.748779
southernmagnolia,young,yes,0.000000,775.206970,94.189941
southernmagnolia,young,yes,0.000000,774.906982,89.110840
southernmagnolia,young,yes,0.000000,774.606995,86.312012
southernmagnolia,young,yes,0.000000,774.307007,84.672852
southernmagnolia,young,yes,0.000000,774.007019,85.233887
southernmagnolia,young,yes,0.000000,773.705994,88.835205
southernmagnolia,young,yes,0.000000,773.406006,92.236084
southernmagnolia,young,yes,0.000000,773.106018,98.356934
southernmagnolia,young,yes,0.000000,772.806030,93.558105
southernmagnolia,young,yes,0.000000,772.505981,98.999268
southernmagnolia,young,yes,0.000000,772.205017,102.440186
southernmagnolia,young,yes,0.000000,771.905029,90.681152
southernmagnolia,young,yes,0.000000,771.604980,94.562256
southernmagnolia,young,yes,0.000000,771.304993,100.203369
southernmagnolia,young,yes,0.000000,771.005005,87.204346
southernmagnolia,young,yes,0.000000,770.705017,97.405273
southernmagnolia,young,yes,0.000000,770.403992,82.966309
southernmagnolia,young,yes,0.000000,770.104004,97.007324
southernmagnolia,young,yes,0.000000,769.804016,97.328613
southernmagnolia,young,yes,0.000000,769.504028,92.009521
southernmagnolia,young,yes,0.000000,769.203979,92.210449
southernmagnolia,young,yes,0.000000,768.903015,87.691406
southernmagnolia,young,yes,0.000000,768.603027,105.532715
southernmagnolia,young,yes,0.000000,768.302979,97.253662
southernmagnolia,young,yes,0.000000,768.002991,82.494629
southernmagnolia,young,yes,0.000000,767.703003,92.535645
southernmagnolia,young,yes,0.000000,767.401978,89.216553
southernmagnolia,young,yes,0.000000,767.101990,95.137695
southernmagnolia,young,yes,0.000000,766.802002,86.178711
southernmagnolia,young,yes,0.000000,766.502014,91.739746
southernmagnolia,young,yes,0.000000,766.202026,87.580811
southernmagnolia,young,yes,0.000000,765.901978,83.822021
southernmagnolia,young,yes,0.000000,765.601013,101.302979
southernmagnolia,young,yes,0.000000,765.301025,89.583984
southernmagnolia,young,yes,0.000000,765.000977,96.744873
southernmagnolia,young,yes,0.000000,764.700989,100.666016
southernmagnolia,young,yes,0.000000,764.401001,98.307129
southernmagnolia,young,yes,0.000000,764.099976,96.028076
southernmagnolia,young,yes,0.000000,763.799988,93.309082
southernmagnolia,young,yes,0.000000,763.500000,95.189941
southernmagnolia,young,yes,0.000000,763.205017,102.271240
southernmagnolia,young,yes,0.000000,762.909973,88.552246
southernmagnolia,young,yes,0.000000,762.614990,98.353271
southernmagnolia,young,yes,0.000000,762.320007,93.954102
southernmagnolia,young,yes,0.000000,762.025024,104.475342
southernmagnolia,young,yes,0.000000,761.729980,102.356445
southernmagnolia,young,yes,0.000000,761.434998,97.517334
southernmagnolia,young,yes,0.000000,761.140015,92.358398
southernmagnolia,young,yes,0.000000,760.844971,96.799316
southernmagnolia,young,yes,0.000000,760.549988,99.080566
southernmagnolia,young,yes,0.000000,760.255005,100.441406
southernmagnolia,young,yes,0.000000,759.960022,104.042480
southernmagnolia,young,yes,0.000000,759.664978,100.243408
southernmagnolia,young,yes,0.000000,759.369995,86.404541
southernmagnolia,young,yes,0.000000,759.075012,98.205566
southernmagnolia,young,yes,0.000000,758.780029,97.806641
southernmagnolia,young,yes,0.000000,758.484985,102.487549
southernmagnolia,young,yes,0.000000,758.190002,96.088623
southernmagnolia,young,yes,0.000000,757.895020,93.769775
southernmagnolia,young,yes,0.000000,757.599976,98.930664
southernmagnolia,young,yes,0.000000,757.304993,108.051758
southernmagnolia,young,yes,0.000000,757.010010,99.132812
southernmagnolia,young,yes,0.000000,756.716003,105.053955
southernmagnolia,young,yes,0.000000,756.421021,91.094971
southernmagnolia,young,yes,0.000000,756.125977,95.055908
southernmagnolia,young,yes,0.000000,755.830994,100.696777
southernmagnolia,young,yes,0.000000,755.536011,99.058105
southernmagnolia,young,yes,0.000000,755.241028,97.579102
southernmagnolia,young,yes,0.000000,754.945984,98.219971
southernmagnolia,young,yes,0.000000,754.651001,96.781006
southernmagnolia,young,yes,0.000000,754.356018,92.221924
southernmagnolia,young,yes,0.000000,754.060974,102.223145
southernmagnolia,young,yes,0.000000,753.765991,97.704102
southernmagnolia,young,yes,0.000000,753.471008,85.745117
southernmagnolia,young,yes,0.000000,753.176025,99.826172
southernmagnolia,young,yes,0.000000,752.880981,91.587402
southernmagnolia,young,yes,0.000000,752.585999,97.148438
southernmagnolia,young,yes,0.000000,752.291016,91.709229
southernmagnolia,young,yes,0.000000,751.995972,90.470215
southernmagnolia,young,yes,0.000000,751.700989,101.191162
southernmagnolia,young,yes,0.000000,751.406006,93.352539
southernmagnolia,young,yes,0.000000,751.111023,91.313477
southernmagnolia,young,yes,0.000000,750.815979,97.914551
southernmagnolia,young,yes,0.000000,750.520996,103.235352
southernmagnolia,young,yes,0.000000,750.226013,93.436523
southernmagnolia,young,yes,0.000000,749.931030,98.997559
southernmagnolia,young,yes,0.000000,749.635986,101.078613
southernmagnolia,young,yes,0.000000,749.341003,104.559570
southernmagnolia,young,yes,0.000000,749.046021,97.320801
southernmagnolia,young,yes,0.000000,748.750977,91.921875
southernmagnolia,young,yes,0.000000,748.455994,94.602783
southernmagnolia,young,yes,0.000000,748.161011,95.483643
southernmagnolia,young,yes,0.000000,747.866028,98.644775
southernmagnolia,young,yes,0.000000,747.570984,92.525879
southernmagnolia,young,yes,0.000000,747.276001,96.526855
southernmagnolia,young,yes,0.000000,746.981018,110.007812
southernmagnolia,young,yes,0.000000,746.685974,92.808838
southernmagnolia,young,yes,0.000000,746.390991,95.930176
southernmagnolia,young,yes,0.000000,746.096008,95.371094
southernmagnolia,young,yes,0.000000,745.801025,99.332031
southernmagnolia,young,yes,0.000000,745.505981,92.173096
southernmagnolia,young,yes,0.000000,745.210999,100.253906
southernmagnolia,young,yes,0.000000,744.916016,95.575195
southernmagnolia,young,yes,0.000000,744.620972,99.296143
southernmagnolia,young,yes,0.000000,744.325989,101.537109
southernmagnolia,young,yes,0.000000,744.031006,93.858154
southernmagnolia,young,yes,0.000000,743.736023,101.659424
southernmagnolia,young,yes,0.000000,743.442017,99.020264
southernmagnolia,young,yes,0.000000,743.146973,94.941406
southernmagnolia,young,yes,0.000000,742.851990,100.782227
southernmagnolia,young,yes,0.000000,742.557007,108.303467
southernmagnolia,young,yes,0.000000,742.262024,104.264404
southernmagnolia,young,yes,0.000000,741.966980,106.705566
southernmagnolia,young,yes,0.000000,741.671997,109.106445
southernmagnolia,young,yes,0.000000,741.377014,104.147461
southernmagnolia,young,yes,0.000000,741.081970,97.708740
southernmagnolia,young,yes,0.000000,740.786987,104.309570
southernmagnolia,young,yes,0.000000,740.492004,98.950684
southernmagnolia,young,yes,0.000000,740.197021,95.711670
southernmagnolia,young,yes,0.000000,739.901978,101.672852
southernmagnolia,young,yes,0.000000,739.606995,92.473633
southernmagnolia,young,yes,0.000000,739.312012,102.514648
southernmagnolia,young,yes,0.000000,739.017029,91.395752
southernmagnolia,young,yes,0.000000,738.721985,93.116699
southernmagnolia,young,yes,0.000000,738.427002,96.637939
southernmagnolia,young,yes,0.000000,738.132019,106.078857
southernmagnolia,young,yes,0.000000,737.836975,95.599854
southernmagnolia,young,yes,0.000000,737.541992,97.880859
southernmagnolia,young,yes,0.000000,737.247009,93.202148
southernmagnolia,young,yes,0.000000,736.952026,109.683105
southernmagnolia,young,yes,0.000000,736.656982,108.523926
southernmagnolia,young,yes,0.000000,736.362000,95.804932
southernmagnolia,young,yes,0.000000,736.067017,98.206299
southernmagnolia,young,yes,0.000000,735.771973,104.167236
southernmagnolia,young,yes,0.000000,735.476990,97.768066
southernmagnolia,young,yes,0.000000,735.182007,104.129150
southernmagnolia,young,yes,0.000000,734.887024,110.330078
southernmagnolia,young,yes,0.000000,734.591980,110.691406
southernmagnolia,young,yes,0.000000,734.296997,98.772217
southernmagnolia,young,yes,0.000000,734.002014,98.133301
southernmagnolia,young,yes,0.000000,733.706970,100.454346
southernmagnolia,young,yes,0.000000,733.411987,100.815430
southernmagnolia,young,yes,0.000000,733.117004,106.056396
southernmagnolia,young,yes,0.000000,732.822021,100.697510
southernmagnolia,young,yes,0.000000,732.526978,100.698486
southernmagnolia,young,yes,0.000000,732.231995,97.739502
southernmagnolia,young,yes,0.000000,731.937012,110.060547
southernmagnolia,young,yes,0.000000,731.642029,109.181641
southernmagnolia,young,yes,0.000000,731.346985,107.462646
southernmagnolia,young,yes,0.000000,731.052002,109.543457
southernmagnolia,young,yes,0.000000,730.757019,115.104736
southernmagnolia,young,yes,0.000000,730.461975,106.625732
southernmagnolia,young,yes,0.000000,730.166992,101.906738
southernmagnolia,young,yes,0.000000,729.872986,104.547607
southernmagnolia,young,yes,0.000000,729.578003,112.108887
southernmagnolia,young,yes,0.000000,729.283020,103.549805
southernmagnolia,young,yes,0.000000,728.987976,105.230957
southernmagnolia,young,yes,0.000000,728.692993,91.511719
southernmagnolia,young,yes,0.000000,728.398010,100.912842
southernmagnolia,young,yes,0.000000,728.103027,101.754150
southernmagnolia,young,yes,0.000000,727.807983,94.314941
southernmagnolia,young,yes,0.000000,727.513000,103.035889
southernmagnolia,young,yes,0.000000,727.218018,108.636963
southernmagnolia,young,yes,0.000000,726.922974,107.878174
southernmagnolia,young,yes,0.000000,726.627991,108.639160
southernmagnolia,young,yes,0.000000,726.333008,110.440186
southernmagnolia,young,yes,0.000000,726.038025,96.121094
southernmagnolia,young,yes,0.000000,725.742981,104.521973
southernmagnolia,young,yes,0.000000,725.447998,104.283203
southernmagnolia,young,yes,0.000000,725.153015,104.444336
southernmagnolia,young,yes,0.000000,724.857971,102.765381
southernmagnolia,young,yes,0.000000,724.562988,105.166260
southernmagnolia,young,yes,0.000000,724.268005,102.087402
southernmagnolia,young,yes,0.000000,723.973022,109.088379
southernmagnolia,young,yes,0.000000,723.677979,111.409424
southernmagnolia,young,yes,0.000000,723.382996,108.290283
southernmagnolia,young,yes,0.000000,723.088013,112.251465
southernmagnolia,young,yes,0.000000,722.793030,111.492676
southernmagnolia,young,yes,0.000000,722.497986,94.493652
southernmagnolia,young,yes,0.000000,722.203003,108.894531
southernmagnolia,young,yes,0.000000,721.908020,103.695557
southernmagnolia,young,yes,0.000000,721.612976,107.056641
southernmagnolia,young,yes,0.000000,721.317993,104.257812
southernmagnolia,young,yes,0.000000,721.023010,111.898682
southernmagnolia,young,yes,0.000000,720.728027,109.619629
southernmagnolia,young,yes,0.000000,720.432983,118.060791
southernmagnolia,young,yes,0.000000,720.138000,107.341797
southernmagnolia,young,yes,0.000000,719.843018,106.662842
southernmagnolia,young,yes,0.000000,719.547974,111.623779
southernmagnolia,young,yes,0.000000,719.252991,111.224854
southernmagnolia,young,yes,0.000000,718.958008,108.026123
southernmagnolia,young,yes,0.000000,718.663025,109.267090
southernmagnolia,young,yes,0.000000,718.367981,107.387939
southernmagnolia,young,yes,0.000000,718.072998,107.708984
southernmagnolia,young,yes,0.000000,717.778015,103.630127
southernmagnolia,young,yes,0.000000,717.482971,100.031250
southernmagnolia,young,yes,0.000000,717.187988,103.592041
southernmagnolia,young,yes,0.000000,716.893005,103.953125
southernmagnolia,young,yes,0.000000,716.598022,114.474121
southernmagnolia,young,yes,0.000000,716.304016,110.355225
southernmagnolia,young,yes,0.000000,716.008972,109.956299
southernmagnolia,young,yes,0.000000,715.713989,120.357178
southernmagnolia,young,yes,0.000000,715.419006,108.798340
southernmagnolia,young,yes,0.000000,715.124023,104.919434
southernmagnolia,young,yes,0.000000,714.828979,108.840332
southernmagnolia,young,yes,0.000000,714.533997,99.041504
southernmagnolia,young,yes,0.000000,714.239014,111.842285
southernmagnolia,young,yes,0.000000,713.943970,104.443604
southernmagnolia,young,yes,0.000000,713.648987,105.964600
southernmagnolia,young,yes,0.000000,713.354004,94.885498
southernmagnolia,young,yes,0.000000,713.059021,103.966553
southernmagnolia,young,yes,0.000000,712.763977,94.247559
southernmagnolia,young,yes,0.000000,712.468994,100.608643
southernmagnolia,young,yes,0.000000,712.174011,101.569580
southernmagnolia,young,yes,0.000000,711.879028,106.730713
southernmagnolia,young,yes,0.000000,711.583984,105.491699
southernmagnolia,young,yes,0.000000,711.289001,109.972900
southernmagnolia,young,yes,0.000000,710.994019,107.493896
southernmagnolia,young,yes,0.000000,710.698975,100.694824
southernmagnolia,young,yes,0.000000,710.403992,99.455811
southernmagnolia,young,yes,0.000000,710.109009,97.856689
southernmagnolia,young,yes,0.000000,709.814026,95.018066
southernmagnolia,young,yes,0.000000,709.518982,103.178955
southernmagnolia,young,yes,0.000000,709.223999,105.459961
southernmagnolia,young,yes,0.000000,708.929016,99.781006
southernmagnolia,young,yes,0.000000,708.633972,112.222168
southernmagnolia,young,yes,0.000000,708.338989,110.903076
southernmagnolia,young,yes,0.000000,708.044006,99.984131
southernmagnolia,young,yes,0.000000,707.749023,99.465088
southernmagnolia,young,yes,0.000000,707.453979,109.546387
southernmagnolia,young,yes,0.000000,707.158997,104.387207
southernmagnolia,young,yes,0.000000,706.864014,98.908203
southernmagnolia,young,yes,0.000000,706.568970,103.949219
southernmagnolia,young,yes,0.000000,706.273987,101.910156
southernmagnolia,young,yes,0.000000,705.979004,106.111328
southernmagnolia,young,yes,0.000000,705.684021,112.752441
southernmagnolia,young,yes,0.000000,705.388977,112.393311
southernmagnolia,young,yes,0.000000,705.093994,107.754395
southernmagnolia,young,yes,0.000000,704.799011,103.955566
southernmagnolia,young,yes,0.000000,704.504028,98.836670
southernmagnolia,young,yes,0.000000,704.208984,96.797607
southernmagnolia,young,yes,0.000000,703.914001,104.358398
southernmagnolia,young,yes,0.000000,703.619019,104.479492
southernmagnolia,young,yes,0.000000,703.323975,105.200684
southernmagnolia,young,yes,0.000000,703.030029,99.401611
southernmagnolia,young,yes,0.000000,702.734985,100.322754
southernmagnolia,young,yes,0.000000,702.440002,102.723633
southernmagnolia,young,yes,0.000000,702.145020,100.404785
southernmagnolia,young,yes,0.000000,701.849976,112.405762
southernmagnolia,young,yes,0.000000,701.554993,112.446777
southernmagnolia,young,yes,0.000000,701.260010,105.007812
southernmagnolia,young,yes,0.000000,700.965027,107.849121
southernmagnolia,young,yes,0.000000,700.669983,107.050049
southernmagnolia,young,yes,0.000000,700.375000,101.730957
southernmagnolia,young,yes,0.000000,700.080017,98.371826
southernmagnolia,young,yes,0.000000,699.784973,98.772949
southernmagnolia,young,yes,0.000000,699.489990,103.294189
southernmagnolia,young,yes,0.000000,699.195007,94.695068
southernmagnolia,young,yes,0.000000,698.900024,99.176025
southernmagnolia,young,yes,0.000000,698.604980,105.297119
southernmagnolia,young,yes,0.000000,698.309998,102.258301
southernmagnolia,young,yes,0.000000,698.015015,100.619141
southernmagnolia,young,yes,0.000000,697.719971,108.660156
southernmagnolia,young,yes,0.000000,697.424988,107.181152
southernmagnolia,young,yes,0.000000,697.130005,102.302246
southernmagnolia,young,yes,0.000000,696.835022,105.663330
southernmagnolia,young,yes,0.000000,696.539978,103.624268
southernmagnolia,young,yes,0.000000,696.252014,102.305420
southernmagnolia,young,yes,0.000000,695.963989,93.186279
southernmagnolia,young,yes,0.000000,695.676025,100.827637
southernmagnolia,young,yes,0.000000,695.387024,95.028564
southernmagnolia,young,yes,0.000000,695.098999,104.029541
southernmagnolia,young,yes,0.000000,694.810974,96.230469
southernmagnolia,young,yes,0.000000,694.523010,94.911377
southernmagnolia,young,yes,0.000000,694.234985,101.232666
southernmagnolia,young,yes,0.000000,693.947021,99.513672
southernmagnolia,young,yes,0.000000,693.658997,91.714600
southernmagnolia,young,yes,0.000000,693.369995,109.635498
southernmagnolia,young,yes,0.000000,693.081970,90.436768
southernmagnolia,young,yes,0.000000,692.794006,101.197754
southernmagnolia,young,yes,0.000000,692.505981,95.958740
southernmagnolia,young,yes,0.000000,692.218018,96.359863
southernmagnolia,young,yes,0.000000,691.929993,99.841064
southernmagnolia,young,yes,0.000000,691.642029,88.481934
southernmagnolia,young,yes,0.000000,691.353027,105.762939
southernmagnolia,young,yes,0.000000,691.065002,107.523926
southernmagnolia,young,yes,0.000000,690.776978,102.964844
southernmagnolia,young,yes,0.000000,690.489014,102.606201
southernmagnolia,young,yes,0.000000,690.200989,99.207031
southernmagnolia,young,yes,0.000000,689.913025,91.968018
southernmagnolia,young,yes,0.000000,689.625000,94.009033
southernmagnolia,young,yes,0.000000,689.335999,101.610352
southernmagnolia,young,yes,0.000000,689.047974,96.651123
southernmagnolia,young,yes,0.000000,688.760010,104.972168
southernmagnolia,young,yes,0.000000,688.471985,113.453125
southernmagnolia,young,yes,0.000000,688.184021,97.494141
southernmagnolia,young,yes,0.000000,687.895996,92.935303
southernmagnolia,young,yes,0.000000,687.607971,92.416260
southernmagnolia,young,yes,0.000000,687.318970,96.217285
southernmagnolia,young,yes,0.000000,687.031006,90.378418
southernmagnolia,young,yes,0.000000,686.742981,101.019531
southernmagnolia,young,yes,0.000000,686.455017,103.940430
southernmagnolia,young,yes,0.000000,686.166992,93.101562
southernmagnolia,young,yes,0.000000,685.879028,87.702393
southernmagnolia,young,yes,0.000000,685.591003,94.983643
southernmagnolia,young,yes,0.000000,685.302002,96.424561
southernmagnolia,young,yes,0.000000,685.013977,102.025635
southernmagnolia,young,yes,0.000000,684.726013,97.026611
southernmagnolia,young,yes,0.000000,684.437988,91.907715
southernmagnolia,young,yes,0.000000,684.150024,89.268799
southernmagnolia,young,yes,0.000000,683.862000,90.349854
southernmagnolia,young,yes,0.000000,683.572998,100.550781
southernmagnolia,young,yes,0.000000,683.284973,98.991699
southernmagnolia,young,yes,0.000000,682.997009,86.032959
southernmagnolia,young,yes,0.000000,682.708984,91.593994
southernmagnolia,young,yes,0.000000,682.421021,92.274902
southernmagnolia,young,yes,0.000000,682.132996,94.995850
southernmagnolia,young,yes,0.000000,681.844971,85.596924
southernmagnolia,young,yes,0.000000,681.556030,92.318115
southernmagnolia,young,yes,0.000000,681.268005,99.958984
southernmagnolia,young,yes,0.000000,680.979980,92.360107
southernmagnolia,young,yes,0.000000,680.692017,88.081055
southernmagnolia,young,yes,0.000000,680.403992,93.682129
southernmagnolia,young,yes,0.000000,680.116028,92.323242
southernmagnolia,young,yes,0.000000,679.828003,98.244141
southernmagnolia,young,yes,0.000000,679.539001,88.605225
southernmagnolia,young,yes,0.000000,679.250977,90.926514
southernmagnolia,young,yes,0.000000,678.963013,91.327393
southernmagnolia,young,yes,0.000000,678.674988,84.288330
southernmagnolia,young,yes,0.000000,678.387024,106.569336
southernmagnolia,young,yes,0.000000,678.098999,98.330322
southernmagnolia,young,yes,0.000000,677.810974,99.211426
southernmagnolia,young,yes,0.000000,677.521973,85.852539
southernmagnolia,young,yes,0.000000,677.234009,96.773438
southernmagnolia,young,yes,0.000000,676.945984,102.694336
southernmagnolia,young,yes,0.000000,676.658020,83.455566
southernmagnolia,young,yes,0.000000,676.369995,90.256592
southernmagnolia,young,yes,0.000000,676.081970,93.697510
southernmagnolia,young,yes,0.000000,675.794006,83.098633
southernmagnolia,young,yes,0.000000,675.505005,96.699463
southernmagnolia,young,yes,0.000000,675.216980,89.580811
southernmagnolia,young,yes,0.000000,674.929016,105.381836
southernmagnolia,young,yes,0.000000,674.640991,96.622803
southernmagnolia,young,yes,0.000000,674.353027,94.823730
southernmagnolia,young,yes,0.000000,674.065002,90.145020
southernmagnolia,young,yes,0.000000,673.776978,92.105957
southernmagnolia,young,yes,0.000000,673.487976,88.026855
southernmagnolia,young,yes,0.000000,673.200012,96.587891
southernmagnolia,young,yes,0.000000,672.911987,89.989014
southernmagnolia,young,yes,0.000000,672.624023,85.110107
southernmagnolia,young,yes,0.000000,672.335999,105.191162
southernmagnolia,young,yes,0.000000,672.047974,95.352051
southernmagnolia,young,yes,0.000000,671.760010,91.833008
southernmagnolia,young,yes,0.000000,671.471008,82.234131
southernmagnolia,young,yes,0.000000,671.182983,92.795166
southernmagnolia,young,yes,0.000000,670.895020,92.556152
southernmagnolia,young,yes,0.000000,670.606995,88.397217
southernmagnolia,young,yes,0.000000,670.318970,91.758301
southernmagnolia,young,yes,0.000000,670.031006,90.159424
southernmagnolia,young,yes,0.000000,669.742981,91.800293
southernmagnolia,young,yes,0.000000,669.453979,92.161377
southernmagnolia,young,yes,0.000000,669.166016,89.162354
southernmagnolia,young,yes,0.000000,668.877991,94.683594
southernmagnolia,young,yes,0.000000,668.590027,98.684570
southernmagnolia,young,yes,0.000000,668.302002,89.285400
southernmagnolia,young,yes,0.000000,668.013977,87.526367
southernmagnolia,young,yes,0.000000,667.726013,91.047607
southernmagnolia,young,yes,0.000000,667.437012,96.448730
southernmagnolia,young,yes,0.000000,667.148987,94.009521
southernmagnolia,young,yes,0.000000,666.861023,98.210693
southernmagnolia,young,yes,0.000000,666.572998,88.491699
southernmagnolia,young,yes,0.000000,666.284973,97.292725
southernmagnolia,young,yes,0.000000,665.997009,89.613770
southernmagnolia,young,yes,0.000000,665.708984,83.814697
southernmagnolia,young,yes,0.000000,665.419983,90.535645
southernmagnolia,young,yes,0.000000,665.132019,97.656982
southernmagnolia,young,yes,0.000000,664.843994,91.817871
southernmagnolia,young,yes,0.000000,664.556030,92.138916
southernmagnolia,young,yes,0.000000,664.268005,85.579834
southernmagnolia,young,yes,0.000000,663.979980,96.101074
southernmagnolia,young,yes,0.000000,663.692017,92.182129
southernmagnolia,young,yes,0.000000,663.403015,93.742920
southernmagnolia,young,yes,0.000000,663.114990,88.743896
southernmagnolia,young,yes,0.000000,662.827026,95.145020
southernmagnolia,young,yes,0.000000,662.539001,86.066162
southernmagnolia,young,yes,0.000000,662.250977,88.747070
southernmagnolia,young,yes,0.000000,661.963013,96.508057
southernmagnolia,young,yes,0.000000,661.674988,95.989258
southernmagnolia,young,yes,0.000000,661.385986,91.590332
southernmagnolia,young,yes,0.000000,661.098022,93.351318
southernmagnolia,young,yes,0.000000,660.809998,91.352295
southernmagnolia,young,yes,0.000000,660.521973,91.593262
southernmagnolia,young,yes,0.000000,660.234009,88.634277
southernmagnolia,young,yes,0.000000,659.945984,89.275391
southernmagnolia,young,yes,0.000000,659.656982,101.276367
southernmagnolia,young,yes,0.000000,659.369019,84.797363
southernmagnolia,young,yes,0.000000,659.080994,91.358398
southernmagnolia,young,yes,0.000000,658.793030,100.399658
southernmagnolia,young,yes,0.000000,658.505005,91.600586
southernmagnolia,young,yes,0.000000,658.216980,93.161621
southernmagnolia,young,yes,0.000000,657.929016,92.882568
southernmagnolia,young,yes,0.000000,657.640015,92.803711
southernmagnolia,young,yes,0.000000,657.351990,86.524658
southernmagnolia,young,yes,0.000000,657.064026,87.885742
southernmagnolia,young,yes,0.000000,656.776001,90.646729
southernmagnolia,young,yes,0.000000,656.487976,85.407715
southernmagnolia,young,yes,0.000000,656.200012,90.489014
southernmagnolia,young,yes,0.000000,655.911987,99.769775
southernmagnolia,young,yes,0.000000,655.622986,103.570801
southernmagnolia,young,yes,0.000000,655.335022,98.411865
southernmagnolia,young,yes,0.000000,655.046997,92.893066
southernmagnolia,young,yes,0.000000,654.758972,91.734131
southernmagnolia,young,yes,0.000000,654.471008,97.175049
southernmagnolia,young,yes,0.000000,654.182983,93.055908
southernmagnolia,young,yes,0.000000,653.895020,98.576904
southernmagnolia,young,yes,0.000000,653.606018,92.978271
southernmagnolia,young,yes,0.000000,653.317993,94.299072
southernmagnolia,young,yes,0.000000,653.030029,93.980225
southernmagnolia,young,yes,0.000000,652.742004,97.261230
southernmagnolia,young,yes,0.000000,652.453979,93.862305
southernmagnolia,young,yes,0.000000,652.166016,98.903320
southernmagnolia,young,yes,0.000000,651.877991,88.704346
southernmagnolia,young,yes,0.000000,651.588989,89.345215
southernmagnolia,young,yes,0.000000,651.301025,93.786377
southernmagnolia,young,yes,0.000000,651.013000,93.547363
southernmagnolia,young,yes,0.000000,650.724976,80.828369
southernmagnolia,young,yes,0.000000,650.437012,79.669434
southernmagnolia,young,yes,0.000000,650.148987,92.190430
southernmagnolia,young,yes,0.000000,649.861023,83.191650
southernmagnolia,young,yes,0.000000,649.572021,95.112549
southernmagnolia,young,yes,0.000000,649.283997,89.433594
southernmagnolia,young,yes,0.000000,648.995972,85.954590
southernmagnolia,young,yes,0.000000,648.708008,91.395752
southernmagnolia,young,yes,0.000000,648.419983,91.916748
southernmagnolia,young,yes,0.000000,648.132019,92.917725
southernmagnolia,young,yes,0.000000,647.843994,97.118652
southernmagnolia,young,yes,0.000000,647.554993,94.479736
southernmagnolia,young,yes,0.000000,647.267029,79.000977
southernmagnolia,young,yes,0.000000,646.979004,86.481934
southernmagnolia,young,yes,0.000000,646.690979,98.242920
southernmagnolia,young,yes,0.000000,646.403015,86.083740
southernmagnolia,young,yes,0.000000,646.114990,84.245117
southernmagnolia,young,yes,0.000000,645.827026,86.286133
southernmagnolia,young,yes,0.000000,645.538025,84.366943
southernmagnolia,young,yes,0.000000,645.250000,83.087891
southernmagnolia,young,yes,0.000000,644.961975,96.649170
southernmagnolia,young,yes,0.000000,644.674011,81.850098
southernmagnolia,young,yes,0.000000,644.385986,82.651123
southernmagnolia,young,yes,0.000000,644.098022,81.572021
southernmagnolia,young,yes,0.000000,643.809998,88.773193
southernmagnolia,young,yes,0.000000,643.520996,97.894287
southernmagnolia,young,yes,0.000000,643.232971,75.895264
southernmagnolia,young,yes,0.000000,642.945007,92.296387
southernmagnolia,young,yes,0.000000,642.656982,82.897217
southernmagnolia,young,yes,0.000000,642.369019,86.778564
southernmagnolia,young,yes,0.000000,642.080994,83.299561
southernmagnolia,young,yes,0.000000,641.793030,88.100342
southernmagnolia,young,yes,0.000000,641.504028,92.861328
southernmagnolia,young,yes,0.000000,641.216003,82.302490
southernmagnolia,young,yes,0.000000,640.927979,83.023682
southernmagnolia,young,yes,0.000000,640.640015,89.824463
southernmagnolia,young,yes,0.000000,640.351990,93.745605
southernmagnolia,young,yes,0.000000,640.064026,88.986572
southernmagnolia,young,yes,0.000000,639.776001,91.347656
southernmagnolia,young,yes,0.000000,639.487000,96.828613
southernmagnolia,young,yes,0.000000,639.198975,85.989746
southernmagnolia,young,yes,0.000000,638.911011,80.430664
southernmagnolia,young,yes,0.000000,638.622986,91.751953
southernmagnolia,young,yes,0.000000,638.335022,94.272949
southernmagnolia,young,yes,0.000000,638.046997,80.393799
southernmagnolia,young,yes,0.000000,637.758972,81.234863
southernmagnolia,young,yes,0.000000,637.469971,77.675781
southernmagnolia,young,yes,0.000000,637.182007,82.836914
southernmagnolia,young,yes,0.000000,636.893982,92.157959
southernmagnolia,young,yes,0.000000,636.606018,93.479004
southernmagnolia,young,yes,0.000000,636.317993,90.359863
southernmagnolia,young,yes,0.000000,636.030029,82.641113
southernmagnolia,young,yes,0.000000,635.741028,87.562256
southernmagnolia,young,yes,0.000000,635.453003,80.323242
southernmagnolia,young,yes,0.000000,635.164978,88.924072
southernmagnolia,young,yes,0.000000,634.877014,96.565186
southernmagnolia,young,yes,0.000000,634.588989,87.966309
southernmagnolia,young,yes,0.000000,634.301025,83.727295
southernmagnolia,young,yes,0.000000,634.013000,85.728271
southernmagnolia,young,yes,0.000000,633.723999,92.209229
southernmagnolia,young,yes,0.000000,633.435974,82.330566
southernmagnolia,young,yes,0.000000,633.148010,87.451416
southernmagnolia,young,yes,0.000000,632.859985,76.892334
southernmagnolia,young,yes,0.000000,632.572021,86.093506
southernmagnolia,young,yes,0.000000,632.283997,88.214600
southernmagnolia,young,yes,0.000000,631.995972,81.055664
southernmagnolia,young,yes,0.000000,631.706970,97.736572
southernmagnolia,young,yes,0.000000,631.419006,92.537598
southernmagnolia,young,yes,0.000000,631.130981,88.258545
southernmagnolia,young,yes,0.000000,630.843018,84.259766
southernmagnolia,young,yes,0.000000,630.554993,81.580811
southernmagnolia,young,yes,0.000000,630.267029,89.541748
southernmagnolia,young,yes,0.000000,629.979004,78.102783
southernmagnolia,young,yes,0.000000,629.690002,80.063965
southernmagnolia,young,yes,0.000000,629.401978,82.744873
southernmagnolia,young,yes,0.000000,629.114014,87.825928
southernmagnolia,young,yes,0.000000,628.825989,86.106934
southernmagnolia,young,yes,0.000000,628.538025,82.547852
southernmagnolia,young,yes,0.000000,628.250000,83.789062
southernmagnolia,young,yes,0.000000,627.961975,93.389893
southernmagnolia,young,yes,0.000000,627.672974,83.031006
southernmagnolia,young,yes,0.000000,627.385010,78.832031
southernmagnolia,young,yes,0.000000,627.096985,90.353271
southernmagnolia,young,yes,0.000000,626.809021,87.154053
southernmagnolia,young,yes,0.000000,626.520996,83.875000
southernmagnolia,young,yes,0.000000,626.232971,74.356201
southernmagnolia,young,yes,0.000000,625.945007,80.837158
southernmagnolia,young,yes,0.000000,625.656006,89.598389
southernmagnolia,young,yes,0.000000,625.367981,92.719238
southernmagnolia,young,yes,0.000000,625.080017,83.880127
southernmagnolia,young,yes,0.000000,624.791992,82.481201
southernmagnolia,young,yes,0.000000,624.504028,88.962402
southernmagnolia,young,yes,0.000000,624.216003,93.483398
southernmagnolia,young,yes,0.000000,623.927979,90.164307
southernmagnolia,young,yes,0.000000,623.638977,91.005371
southernmagnolia,young,yes,0.000000,623.351013,84.046631
southernmagnolia,young,yes,0.000000,623.062988,92.727539
southernmagnolia,young,yes,0.000000,622.775024,86.208496
southernmagnolia,young,yes,0.000000,622.487000,78.529541
southernmagnolia,young,yes,0.000000,622.198975,82.050537
southernmagnolia,young,yes,0.000000,621.911011,84.851807
southernmagnolia,young,yes,0.000000,621.622009,85.532715
southernmagnolia,young,yes,0.000000,621.333984,90.533691
southernmagnolia,young,yes,0.000000,621.046021,76.174561
southernmagnolia,young,yes,0.000000,620.757996,87.535889
southernmagnolia,young,yes,0.000000,620.469971,90.216797
southernmagnolia,young,yes,0.000000,620.182007,83.497803
southernmagnolia,young,yes,0.000000,619.893982,82.458740
southernmagnolia,young,yes,0.000000,619.604980,85.579834
southernmagnolia,young,yes,0.000000,619.317017,92.301025
southernmagnolia,young,yes,0.000000,619.028992,91.981934
southernmagnolia,young,yes,0.000000,618.741028,80.343018
southernmagnolia,young,yes,0.000000,618.453003,86.703857
southernmagnolia,young,yes,0.000000,618.164978,80.305176
southernmagnolia,young,yes,0.000000,617.877014,85.186035
southernmagnolia,young,yes,0.000000,617.588013,91.107178
southernmagnolia,young,yes,0.000000,617.299988,82.108154
southernmagnolia,young,yes,0.000000,617.012024,87.589355
southernmagnolia,young,yes,0.000000,616.723999,81.150391
southernmagnolia,young,yes,0.000000,616.435974,88.831299
southernmagnolia,young,yes,0.000000,616.148010,90.032227
southernmagnolia,young,yes,0.000000,615.859985,78.673096
southernmagnolia,young,yes,0.000000,615.570984,83.754395
southernmagnolia,young,yes,0.000000,615.283020,88.315430
southernmagnolia,young,yes,0.000000,614.994995,80.876465
southernmagnolia,young,yes,0.000000,614.706970,86.197266
southernmagnolia,young,yes,0.000000,614.419006,92.318604
southernmagnolia,young,yes,0.000000,614.130981,82.239502
southernmagnolia,young,yes,0.000000,613.843018,85.440430
southernmagnolia,young,yes,0.000000,613.554016,90.601562
southernmagnolia,young,yes,0.000000,613.265991,83.442383
southernmagnolia,young,yes,0.000000,612.978027,85.883789
southernmagnolia,young,yes,0.000000,612.690002,79.764648
southernmagnolia,young,yes,0.000000,612.401978,83.405762
southernmagnolia,young,yes,0.000000,612.114014,90.886719
southernmagnolia,young,yes,0.000000,611.825012,84.727783
southernmagnolia,young,yes,0.000000,611.536987,77.328857
southernmagnolia,young,yes,0.000000,611.249023,76.809814
southernmagnolia,young,yes,0.000000,610.960999,84.650879
southernmagnolia,young,yes,0.000000,610.672974,83.092041
southernmagnolia,young,yes,0.000000,610.385010,80.452881
southernmagnolia,young,yes,0.000000,610.096985,84.693848
southernmagnolia,young,yes,0.000000,609.807983,72.135010
southernmagnolia,young,yes,0.000000,609.520020,80.176025
southernmagnolia,young,yes,0.000000,609.231995,81.297119
southernmagnolia,young,yes,0.000000,608.943970,87.578125
southernmagnolia,young,yes,0.000000,608.656006,81.299072
southernmagnolia,young,yes,0.000000,608.367981,81.979980
southernmagnolia,young,yes,0.000000,608.080017,79.781250
southernmagnolia,young,yes,0.000000,607.791016,84.302246
southernmagnolia,young,yes,0.000000,607.502991,71.023193
southernmagnolia,young,yes,0.000000,607.215027,81.264160
southernmagnolia,young,yes,0.000000,606.927002,81.505127
southernmagnolia,young,yes,0.000000,606.638977,67.946289
southernmagnolia,young,yes,0.000000,606.351013,89.707275
southernmagnolia,young,yes,0.000000,606.062988,75.068359
southernmagnolia,young,yes,0.000000,605.773987,82.349365
southernmagnolia,young,yes,0.000000,605.486023,86.990479
southernmagnolia,young,yes,0.000000,605.197998,86.151611
southernmagnolia,young,yes,0.000000,604.909973,81.632568
southernmagnolia,young,yes,0.000000,604.622009,84.713379
southernmagnolia,young,yes,0.000000,604.333984,93.154785
southernmagnolia,young,yes,0.000000,604.046021,75.355713
southernmagnolia,young,yes,0.000000,603.757019,88.996582
southernmagnolia,young,yes,0.000000,603.468994,80.157715
southernmagnolia,young,yes,0.000000,603.181030,91.678711
southernmagnolia,young,yes,0.000000,602.893005,80.479736
southernmagnolia,young,yes,0.000000,602.604980,76.200928
southernmagnolia,young,yes,0.000000,602.317017,91.361816
southernmagnolia,young,yes,0.000000,602.028992,89.882812
southernmagnolia,young,yes,0.000000,601.739990,81.283936
southernmagnolia,young,yes,0.000000,601.452026,78.165039
southernmagnolia,young,yes,0.000000,601.164001,85.005859
southernmagnolia,young,yes,0.000000,600.875977,87.166992
southernmagnolia,young,yes,0.000000,600.588013,86.127930
southernmagnolia,young,yes,0.000000,600.299988,75.769043
southernmagnolia,young,yes,0.000000,600.012024,76.170166
southernmagnolia,young,yes,0.000000,599.723022,74.931152
southernmagnolia,young,yes,0.000000,599.434998,74.771973
southernmagnolia,young,yes,0.000000,599.146973,75.413330
southernmagnolia,young,yes,0.000000,598.859009,87.974121
southernmagnolia,young,yes,0.000000,598.570984,80.855225
southernmagnolia,young,yes,0.000000,598.283020,72.416260
southernmagnolia,young,yes,0.000000,597.994995,76.137207
southernmagnolia,young,yes,0.000000,597.705994,85.458496
southernmagnolia,young,yes,0.000000,597.418030,65.779297
southernmagnolia,young,yes,0.000000,597.130005,80.980225
southernmagnolia,young,yes,0.000000,596.841980,65.541260
southernmagnolia,young,yes,0.000000,596.554016,68.382568
southernmagnolia,young,yes,0.000000,596.265991,71.183594
southernmagnolia,young,yes,0.000000,595.978027,74.144531
southernmagnolia,young,yes,0.000000,595.689026,80.225586
southernmagnolia,young,yes,0.000000,595.401001,75.626709
southernmagnolia,young,yes,0.000000,595.112976,72.227783
southernmagnolia,young,yes,0.000000,594.825012,86.228760
southernmagnolia,young,yes,0.000000,594.536987,83.509521
southernmagnolia,young,yes,0.000000,594.249023,74.030518
southernmagnolia,young,yes,0.000000,593.960999,64.311768
southernmagnolia,young,yes,0.000000,593.671997,77.432861
southernmagnolia,young,yes,0.000000,593.383972,79.393799
southernmagnolia,young,yes,0.000000,593.096008,75.034668
southernmagnolia,young,yes,0.000000,592.807983,69.755859
southernmagnolia,young,yes,0.000000,592.520020,74.316895
southernmagnolia,young,yes,0.000000,592.231995,58.877930
southernmagnolia,young,yes,0.000000,591.943970,78.239014
southernmagnolia,young,yes,0.000000,591.655029,72.199951
southernmagnolia,young,yes,0.000000,591.367004,64.081055
southernmagnolia,young,yes,0.000000,591.078979,76.322021
southernmagnolia,young,yes,0.000000,590.791016,82.643066
southernmagnolia,young,yes,0.000000,590.502991,79.043945
southernmagnolia,young,yes,0.000000,590.215027,69.645264
southernmagnolia,young,yes,0.000000,589.927002,74.646240
southernmagnolia,young,yes,0.000000,589.638000,72.367188
southernmagnolia,young,yes,0.000000,589.349976,79.608154
southernmagnolia,young,yes,0.000000,589.062012,82.809326
southernmagnolia,young,yes,0.000000,588.773987,76.090332
southernmagnolia,young,yes,0.000000,588.486023,81.371338
southernmagnolia,young,yes,0.000000,588.197998,73.772217
southernmagnolia,young,yes,0.000000,587.908997,72.973389
southernmagnolia,young,yes,0.000000,587.620972,70.174561
southernmagnolia,young,yes,0.000000,587.333008,66.135498
southernmagnolia,young,yes,0.000000,587.044983,78.176514
southernmagnolia,young,yes,0.000000,586.757019,83.817383
southernmagnolia,young,yes,0.000000,586.468994,76.258789
southernmagnolia,young,yes,0.000000,586.181030,74.899658
southernmagnolia,young,yes,0.000000,585.892029,63.180664
southernmagnolia,young,yes,0.000000,585.604004,68.101562
southernmagnolia,young,yes,0.000000,585.315979,75.862549
southernmagnolia,young,yes,0.000000,585.028015,77.663818
southernmagnolia,young,yes,0.000000,584.739990,80.264893
southernmagnolia,young,yes,0.000000,584.452026,72.945801
southernmagnolia,young,yes,0.000000,584.164001,80.786621
southernmagnolia,young,yes,0.000000,583.875000,74.067871
southernmagnolia,young,yes,0.000000,583.586975,78.468994
southernmagnolia,young,yes,0.000000,583.299011,73.189941
southernmagnolia,young,yes,0.000000,583.010986,68.510986
southernmagnolia,young,yes,0.000000,582.723022,77.512207
southernmagnolia,young,yes,0.000000,582.434998,74.833008
southernmagnolia,young,yes,0.000000,582.146973,71.674072
southernmagnolia,young,yes,0.000000,581.857971,67.074951
southernmagnolia,young,yes,0.000000,581.570007,68.956055
southernmagnolia,young,yes,0.000000,581.281982,77.837158
southernmagnolia,young,yes,0.000000,580.994019,82.838135
southernmagnolia,young,yes,0.000000,580.705994,73.759277
southernmagnolia,young,yes,0.000000,580.418030,69.680176
southernmagnolia,young,yes,0.000000,580.130005,68.001465
southernmagnolia,young,yes,0.000000,579.841003,75.682373
southernmagnolia,young,yes,0.000000,579.552979,79.123291
southernmagnolia,young,yes,0.000000,579.265015,73.844238
southernmagnolia,young,yes,0.000000,578.976990,65.405273
southernmagnolia,young,yes,0.000000,578.689026,72.206543
southernmagnolia,young,yes,0.000000,578.401001,65.247559
southernmagnolia,young,yes,0.000000,578.112976,66.128418
southernmagnolia,young,yes,0.000000,577.823975,52.409424
southernmagnolia,young,yes,0.000000,577.536011,71.890625
southernmagnolia,young,yes,0.000000,577.247986,75.091553
southernmagnolia,young,yes,0.000000,576.960022,65.892578
southernmagnolia,young,yes,0.000000,576.677002,74.413574
southernmagnolia,young,yes,0.000000,576.393005,67.614746
southernmagnolia,young,yes,0.000000,576.109985,66.575684
southernmagnolia,young,yes,0.000000,575.825989,72.696777
southernmagnolia,young,yes,0.000000,575.543030,64.577637
southernmagnolia,young,yes,0.000000,575.260010,62.778809
southernmagnolia,young,yes,0.000000,574.976013,69.859863
southernmagnolia,young,yes,0.000000,574.692993,79.140869
southernmagnolia,young,yes,0.000000,574.408997,77.261963
southernmagnolia,young,yes,0.000000,574.125977,59.862793
southernmagnolia,young,yes,0.000000,573.843018,67.104004
southernmagnolia,young,yes,0.000000,573.559021,69.225098
southernmagnolia,young,yes,0.000000,573.276001,66.426025
southernmagnolia,young,yes,0.000000,572.992004,69.826904
southernmagnolia,young,yes,0.000000,572.708984,69.268066
southernmagnolia,young,yes,0.000000,572.426025,76.469238
southernmagnolia,young,yes,0.000000,572.142029,68.670166
southernmagnolia,young,yes,0.000000,571.859009,69.391113
southernmagnolia,young,yes,0.000000,571.575989,72.032227
southernmagnolia,young,yes,0.000000,571.291992,65.313477
southernmagnolia,young,yes,0.000000,571.008972,60.634277
southernmagnolia,young,yes,0.000000,570.724976,70.995361
southernmagnolia,young,yes,0.000000,570.442017,65.156250
southernmagnolia,young,yes,0.000000,570.158997,64.757568
southernmagnolia,young,yes,0.000000,569.875000,72.198486
southernmagnolia,young,yes,0.000000,569.591980,63.599365
southernmagnolia,young,yes,0.000000,569.307983,68.560547
southernmagnolia,young,yes,0.000000,569.025024,69.081299
southernmagnolia,young,yes,0.000000,568.742004,77.082520
southernmagnolia,young,yes,0.000000,568.458008,63.563721
southernmagnolia,young,yes,0.000000,568.174988,59.684570
southernmagnolia,young,yes,0.000000,567.890991,74.925537
southernmagnolia,young,yes,0.000000,567.607971,66.886719
southernmagnolia,young,yes,0.000000,567.325012,63.967773
southernmagnolia,young,yes,0.000000,567.041016,61.008789
southernmagnolia,young,yes,0.000000,566.757996,54.449707
southernmagnolia,young,yes,0.000000,566.473999,71.210693
southernmagnolia,young,yes,0.000000,566.190979,71.731934
southernmagnolia,young,yes,0.000000,565.908020,65.812988
southernmagnolia,young,yes,0.000000,565.624023,70.853760
southernmagnolia,young,yes,0.000000,565.341003,62.054932
southernmagnolia,young,yes,0.000000,565.057007,60.776123
southernmagnolia,young,yes,0.000000,564.773987,71.577148
southernmagnolia,young,yes,0.000000,564.491028,60.738037
southernmagnolia,young,yes,0.000000,564.206970,60.378906
southernmagnolia,young,yes,0.000000,563.924011,65.139893
southernmagnolia,young,yes,0.000000,563.640015,51.541260
southernmagnolia,young,yes,0.000000,563.356995,55.662109
southernmagnolia,young,yes,0.000000,563.073975,56.743164
southernmagnolia,young,yes,0.000000,562.789978,65.664062
southernmagnolia,young,yes,0.000000,562.507019,70.985352
southernmagnolia,young,yes,0.000000,562.223022,62.346436
southernmagnolia,young,yes,0.000000,561.940002,67.667236
southernmagnolia,young,yes,0.000000,561.656982,59.548340
southernmagnolia,young,yes,0.000000,561.372986,73.469482
southernmagnolia,young,yes,0.000000,561.090027,66.630371
southernmagnolia,young,yes,0.000000,560.807007,53.071533
southernmagnolia,young,yes,0.000000,560.523010,55.632324
southernmagnolia,young,yes,0.000000,560.239990,60.113281
southernmagnolia,young,yes,0.000000,559.955994,66.194580
southernmagnolia,young,yes,0.000000,559.672974,64.675537
southernmagnolia,young,yes,0.000000,559.390015,68.236572
southernmagnolia,young,yes,0.000000,559.106018,61.557617
southernmagnolia,young,yes,0.000000,558.822998,67.758789
southernmagnolia,young,yes,0.000000,558.539001,60.919678
southernmagnolia,young,yes,0.000000,558.255981,58.120605
southernmagnolia,young,yes,0.000000,557.973022,66.921631
southernmagnolia,young,yes,0.000000,557.689026,60.962646
southernmagnolia,young,yes,0.000000,557.406006,67.683838
southernmagnolia,young,yes,0.000000,557.122009,69.044922
southernmagnolia,young,yes,0.000000,556.838989,63.965820
southernmagnolia,young,yes,0.000000,556.556030,62.686768
southernmagnolia,young,yes,0.000000,556.271973,74.328125
southernmagnolia,young,yes,0.000000,555.989014,67.009033
southernmagnolia,young,yes,0.000000,555.705017,65.489990
southernmagnolia,young,yes,0.000000,555.421997,71.531006
southernmagnolia,young,yes,0.000000,555.138977,71.532227
southernmagnolia,young,yes,0.000000,554.854980,57.253174
southernmagnolia,young,yes,0.000000,554.572021,64.534180
southernmagnolia,young,yes,0.000000,554.288025,65.735107
southernmagnolia,young,yes,0.000000,554.005005,60.096191
southernmagnolia,young,yes,0.000000,553.721985,61.057373
southernmagnolia,young,yes,0.000000,553.437988,58.658203
southernmagnolia,young,yes,0.000000,553.155029,64.899170
southernmagnolia,young,yes,0.000000,552.870972,51.380371
southernmagnolia,young,yes,0.000000,552.588013,53.021484
southernmagnolia,young,yes,0.000000,552.304993,60.662354
southernmagnolia,young,yes,0.000000,552.020996,50.183350
southernmagnolia,young,yes,0.000000,551.737976,55.864502
southernmagnolia,young,yes,0.000000,551.455017,53.905273
southernmagnolia,young,yes,0.000000,551.171021,63.986572
southernmagnolia,young,yes,0.000000,550.888000,60.427490
southernmagnolia,young,yes,0.000000,550.604004,61.828613
southernmagnolia,young,yes,0.000000,550.320984,63.389648
southernmagnolia,young,yes,0.000000,550.038025,63.070801
southernmagnolia,young,yes,0.000000,549.754028,59.191650
southernmagnolia,young,yes,0.000000,549.471008,50.552734
southernmagnolia,young,yes,0.000000,549.187012,61.513672
southernmagnolia,young,yes,0.000000,548.903992,54.914795
southernmagnolia,young,yes,0.000000,548.620972,58.515869
southernmagnolia,young,yes,0.000000,548.336975,55.996826
southernmagnolia,young,yes,0.000000,548.054016,57.877930
southernmagnolia,young,yes,0.000000,547.770020,67.358887
southernmagnolia,young,yes,0.000000,547.487000,58.520020
southernmagnolia,young,yes,0.000000,547.203979,60.641113
southernmagnolia,young,yes,0.000000,546.919983,60.921875
southernmagnolia,young,yes,0.000000,546.637024,56.042969
southernmagnolia,young,yes,0.000000,546.353027,64.924072
southernmagnolia,young,yes,0.000000,546.070007,68.285156
southernmagnolia,young,yes,0.000000,545.794006,65.326172
southernmagnolia,young,yes,0.000000,545.518982,60.127197
southernmagnolia,young,yes,0.000000,545.242981,53.288086
southernmagnolia,young,yes,0.000000,544.968018,56.449219
southernmagnolia,young,yes,0.000000,544.692017,59.730225
southernmagnolia,young,yes,0.000000,544.416992,59.611328
southernmagnolia,young,yes,0.000000,544.140991,61.612305
southernmagnolia,young,yes,0.000000,543.864990,70.333496
southernmagnolia,young,yes,0.000000,543.590027,59.014404
southernmagnolia,young,yes,0.000000,543.314026,54.575439
southernmagnolia,young,yes,0.000000,543.039001,57.176270
southernmagnolia,young,yes,0.000000,542.763000,63.897705
southernmagnolia,young,yes,0.000000,542.487976,55.498535
southernmagnolia,young,yes,0.000000,542.211975,48.619629
southernmagnolia,young,yes,0.000000,541.935974,60.660645
southernmagnolia,young,yes,0.000000,541.661011,66.341553
southernmagnolia,young,yes,0.000000,541.385010,64.902832
southernmagnolia,young,yes,0.000000,541.109985,57.023682
southernmagnolia,young,yes,0.000000,540.833984,63.144775
southernmagnolia,young,yes,0.000000,540.557983,58.785645
southernmagnolia,young,yes,0.000000,540.283020,59.546875
southernmagnolia,young,yes,0.000000,540.007019,64.627930
southernmagnolia,young,yes,0.000000,539.731995,60.188721
southernmagnolia,young,yes,0.000000,539.455994,55.709717
southernmagnolia,young,yes,0.000000,539.181030,66.470703
southernmagnolia,young,yes,0.000000,538.905029,67.511963
southernmagnolia,young,yes,0.000000,538.629028,58.952881
southernmagnolia,young,yes,0.000000,538.354004,57.434082
southernmagnolia,young,yes,0.000000,538.078003,63.875000
southernmagnolia,young,yes,0.000000,537.802979,57.356201
southernmagnolia,young,yes,0.000000,537.526978,59.597168
southernmagnolia,young,yes,0.000000,537.252014,69.398193
southernmagnolia,young,yes,0.000000,536.976013,59.239014
southernmagnolia,young,yes,0.000000,536.700012,68.040039
southernmagnolia,young,yes,0.000000,536.424988,55.961182
southernmagnolia,young,yes,0.000000,536.148987,55.162354
southernmagnolia,young,yes,0.000000,535.874023,61.843262
southernmagnolia,young,yes,0.000000,535.598022,48.764160
southernmagnolia,young,yes,0.000000,535.322998,65.005371
southernmagnolia,young,yes,0.000000,535.046997,58.366455
southernmagnolia,young,yes,0.000000,534.770996,59.007324
southernmagnolia,young,yes,0.000000,534.495972,62.728271
southernmagnolia,young,yes,0.000000,534.219971,62.889648
southernmagnolia,young,yes,0.000000,533.945007,68.490479
southernmagnolia,young,yes,0.000000,533.669006,65.531494
southernmagnolia,young,yes,0.000000,533.393982,66.132568
southernmagnolia,young,yes,0.000000,533.117981,61.653564
southernmagnolia,young,yes,0.000000,532.841980,60.894775
southernmagnolia,young,yes,0.000000,532.567017,65.455811
southernmagnolia,young,yes,0.000000,532.291016,61.816650
southernmagnolia,young,yes,0.000000,532.015991,61.417725
southernmagnolia,young,yes,0.000000,531.739990,65.978760
southernmagnolia,young,yes,0.000000,531.465027,54.179932
southernmagnolia,young,yes,0.000000,531.189026,55.620850
southernmagnolia,young,yes,0.000000,530.913025,51.701904
southernmagnolia,young,yes,0.000000,530.638000,54.662842
southernmagnolia,young,yes,0.000000,530.362000,38.384033
southernmagnolia,young,yes,0.000000,530.086975,50.024902
southernmagnolia,young,yes,0.000000,529.810974,56.265869
southernmagnolia,young,yes,0.000000,529.534973,57.066895
southernmagnolia,young,yes,0.000000,529.260010,49.508057
southernmagnolia,young,yes,0.000000,528.984009,55.149170
southernmagnolia,young,yes,0.000000,528.708984,55.830078
southernmagnolia,young,yes,0.000000,528.432983,52.990967
southernmagnolia,young,yes,0.000000,528.158020,56.272217
southernmagnolia,young,yes,0.000000,527.882019,58.473389
southernmagnolia,young,yes,0.000000,527.606018,56.114258
southernmagnolia,young,yes,0.000000,527.330994,56.635254
southernmagnolia,young,yes,0.000000,527.054993,53.196289
southernmagnolia,young,yes,0.000000,526.780029,52.317383
southernmagnolia,young,yes,0.000000,526.504028,54.558350
southernmagnolia,young,yes,0.000000,526.229004,53.919434
southernmagnolia,young,yes,0.000000,525.953003,55.240234
southernmagnolia,young,yes,0.000000,525.677002,45.161621
southernmagnolia,young,yes,0.000000,525.401978,45.282471
southernmagnolia,young,yes,0.000000,525.125977,46.323486
southernmagnolia,young,yes,0.000000,524.851013,41.684570
southernmagnolia,young,yes,0.000000,524.575012,54.725586
southernmagnolia,young,yes,0.000000,524.299988,44.246582
southernmagnolia,young,yes,0.000000,524.023987,52.327637
southernmagnolia,young,yes,0.000000,523.747986,51.328613
southernmagnolia,young,yes,0.000000,523.473022,61.889648
southernmagnolia,young,yes,0.000000,523.197021,56.650879
southernmagnolia,young,yes,0.000000,522.921997,56.971924
southernmagnolia,young,yes,0.000000,522.645996,50.852783
southernmagnolia,young,yes,0.000000,522.370972,48.813721
southernmagnolia,young,yes,0.000000,522.094971,53.534912
southernmagnolia,young,yes,0.000000,521.818970,35.255859
southernmagnolia,young,yes,0.000000,521.544006,41.416992
southernmagnolia,young,yes,0.000000,521.268005,41.257812
southernmagnolia,young,yes,0.000000,520.992981,38.018799
southernmagnolia,young,yes,0.000000,520.716980,45.940186
southernmagnolia,young,yes,0.000000,520.442017,43.501221
southernmagnolia,young,yes,0.000000,520.166016,47.822021
southernmagnolia,young,yes,0.000000,519.890015,38.743164
southernmagnolia,young,yes,0.000000,519.614990,45.224365
southernmagnolia,young,yes,0.000000,519.338989,34.625244
southernmagnolia,young,yes,0.000000,519.064026,42.626221
southernmagnolia,young,yes,0.000000,518.788025,46.627197
southernmagnolia,young,yes,0.000000,518.513000,51.748291
southernmagnolia,young,yes,0.000000,518.237000,47.229492
southernmagnolia,young,yes,0.000000,517.960999,42.310303
southernmagnolia,young,yes,0.000000,517.685974,43.631348
southernmagnolia,young,yes,0.000000,517.409973,36.312256
southernmagnolia,young,yes,0.000000,517.135010,41.833496
southernmagnolia,young,yes,0.000000,516.859009,41.874512
southernmagnolia,young,yes,0.000000,516.583008,54.035400
southernmagnolia,young,yes,0.000000,516.307983,43.676514
southernmagnolia,young,yes,0.000000,516.031982,45.557617
southernmagnolia,young,yes,0.000000,515.757019,47.238770
southernmagnolia,young,yes,0.000000,515.481018,49.919678
southernmagnolia,young,yes,0.000000,515.205994,47.440674
southernmagnolia,young,yes,0.000000,514.929993,43.281494
southernmagnolia,young,yes,0.000000,514.653992,50.402832
southernmagnolia,young,yes,0.000000,514.379028,34.963867
southernmagnolia,young,yes,0.000000,514.103027,33.124756
southernmagnolia,young,yes,0.000000,513.828003,30.325684
southernmagnolia,young,yes,0.000000,513.552002,40.406982
southernmagnolia,young,yes,0.000000,513.276978,32.567871
southernmagnolia,young,yes,0.000000,513.000977,40.249023
southernmagnolia,young,yes,0.000000,512.724976,36.569824
southernmagnolia,young,yes,0.000000,512.450012,50.850830
southernmagnolia,young,yes,0.000000,512.174011,35.452148
southernmagnolia,young,yes,0.000000,511.898987,35.572998
southernmagnolia,young,yes,0.000000,511.622986,46.774170
southernmagnolia,young,yes,0.000000,511.347992,45.735107
southernmagnolia,young,yes,0.000000,511.071991,44.016357
southernmagnolia,young,yes,0.000000,510.795990,30.057129
southernmagnolia,young,yes,0.000000,510.520996,43.058105
southernmagnolia,young,yes,0.000000,510.244995,42.099121
southernmagnolia,young,yes,0.000000,509.970001,34.700439
southernmagnolia,young,yes,0.000000,509.694000,38.621338
southernmagnolia,young,yes,0.000000,509.419006,37.742432
southernmagnolia,young,yes,0.000000,509.143005,34.263428
southernmagnolia,young,yes,0.000000,508.867004,33.304199
southernmagnolia,young,yes,0.000000,508.592010,33.345459
southernmagnolia,young,yes,0.000000,508.316010,30.746582
southernmagnolia,young,yes,0.000000,508.040985,26.627441
southernmagnolia,young,yes,0.000000,507.765015,48.188477
southernmagnolia,young,yes,0.000000,507.489990,43.789795
southernmagnolia,young,yes,0.000000,507.213989,38.990723
southernmagnolia,young,yes,0.000000,506.937988,41.871582
southernmagnolia,young,yes,0.000000,506.662994,36.872559
southernmagnolia,young,yes,0.000000,506.386993,29.433594
southernmagnolia,young,yes,0.000000,506.112000,37.314697
southernmagnolia,young,yes,0.000000,505.835999,36.915771
southernmagnolia,young,yes,0.000000,505.559998,40.676758
southernmagnolia,young,yes,0.000000,505.285004,40.677734
southernmagnolia,young,yes,0.000000,505.009003,40.759033
southernmagnolia,young,yes,0.000000,504.734009,52.839844
southernmagnolia,young,yes,0.000000,504.458008,32.080811
southernmagnolia,young,yes,0.000000,504.183014,34.681885
southernmagnolia,young,yes,0.000000,503.907013,34.162842
southernmagnolia,young,yes,0.000000,503.631012,39.044189
southernmagnolia,young,yes,0.000000,503.355988,37.165039
southernmagnolia,young,yes,0.000000,503.079987,37.246094
southernmagnolia,young,yes,0.000000,502.804993,35.846924
southernmagnolia,young,yes,0.000000,502.528992,34.488281
southernmagnolia,young,yes,0.000000,502.253998,41.369141
southernmagnolia,young,yes,0.000000,501.977997,42.010254
southernmagnolia,young,yes,0.000000,501.701996,37.571289
southernmagnolia,young,yes,0.000000,501.427002,29.452393
southernmagnolia,young,yes,0.000000,501.151001,26.373291
southernmagnolia,young,yes,0.000000,500.876007,37.014404
southernmagnolia,young,yes,0.000000,500.600006,30.975342
southernmagnolia,young,yes,0.000000,500.325012,28.216309
southernmagnolia,young,yes,0.000000,500.049011,25.777588
southernmagnolia,young,yes,0.000000,499.773010,30.738525
southernmagnolia,young,yes,0.000000,499.497986,43.699463
southernmagnolia,young,yes,0.000000,499.221985,34.740479
southernmagnolia,young,yes,0.000000,498.946991,34.101562
southernmagnolia,young,yes,0.000000,498.670990,32.382568
southernmagnolia,young,yes,0.000000,498.395996,31.143555
southernmagnolia,young,yes,0.000000,498.119995,38.384521
southernmagnolia,young,yes,0.000000,497.843994,38.185547
southernmagnolia,young,yes,0.000000,497.569000,30.786865
southernmagnolia,young,yes,0.000000,497.292999,31.587891
southernmagnolia,young,yes,0.000000,497.018005,41.108643
southernmagnolia,young,yes,0.000000,496.742004,42.189697
southernmagnolia,young,yes,0.000000,496.467010,40.510986
southernmagnolia,young,yes,0.000000,496.191010,31.871826
southernmagnolia,young,yes,0.000000,495.915009,29.952881
southernmagnolia,young,yes,0.000000,495.640015,30.193848
southernmagnolia,young,yes,0.000000,495.364014,25.435059
southernmagnolia,young,yes,0.000000,495.088989,28.556152
southernmagnolia,young,yes,0.000000,494.812988,29.317139
southernmagnolia,young,yes,0.000000,494.536987,34.038086
southernmagnolia,young,yes,0.000000,494.261993,18.718994
southernmagnolia,young,yes,0.000000,493.985992,39.280273
southernmagnolia,young,yes,0.000000,493.710999,40.161133
southernmagnolia,young,yes,0.000000,493.434998,36.282227
southernmagnolia,young,yes,0.000000,493.160004,40.763184
southernmagnolia,young,yes,0.000000,492.884003,27.284424
southernmagnolia,young,yes,0.000000,492.608002,35.885254
southernmagnolia,young,yes,0.000000,492.333008,42.886230
southernmagnolia,young,yes,0.000000,492.057007,25.847412
southernmagnolia,young,yes,0.000000,491.782013,40.808350
southernmagnolia,young,yes,0.000000,491.506012,33.489502
southernmagnolia,young,yes,0.000000,491.230988,34.610596
southernmagnolia,young,yes,0.000000,490.954987,33.331543
southernmagnolia,young,yes,0.000000,490.678986,30.092529
southernmagnolia,young,yes,0.000000,490.403992,34.333740
southernmagnolia,young,yes,0.000000,490.127991,30.134521
southernmagnolia,young,yes,0.000000,489.852997,29.855713
southernmagnolia,young,yes,0.000000,489.576996,33.976562
southernmagnolia,young,yes,0.000000,489.302002,36.857910
southernmagnolia,young,yes,0.000000,489.026001,32.418701
southernmagnolia,young,yes,0.000000,488.750000,24.899658
southernmagnolia,young,yes,0.000000,488.475006,23.700684
southernmagnolia,young,yes,0.000000,488.199005,32.061768
southernmagnolia,young,yes,0.000000,487.924011,35.302979
southernmagnolia,young,yes,0.000000,487.648010,29.063965
southernmagnolia,young,yes,0.000000,487.372986,28.104980
southernmagnolia,young,yes,0.000000,487.096985,18.505859
southernmagnolia,young,yes,0.000000,486.821014,20.386963
southernmagnolia,young,yes,0.000000,486.545990,22.748047
southernmagnolia,young,yes,0.000000,486.269989,23.549072
southernmagnolia,young,yes,0.000000,485.994995,18.790039
southernmagnolia,young,yes,0.000000,485.718994,37.351074
southernmagnolia,young,yes,0.000000,485.442993,26.512207
southernmagnolia,young,yes,0.000000,485.167999,31.873291
southernmagnolia,young,yes,0.000000,484.891998,45.594238
southernmagnolia,young,yes,0.000000,484.617004,25.795166
southernmagnolia,young,yes,0.000000,484.341003,25.676270
southernmagnolia,young,yes,0.000000,484.066010,27.637451
southernmagnolia,young,yes,0.000000,483.790009,20.318359
southernmagnolia,young,yes,0.000000,483.514008,23.199219
southernmagnolia,young,yes,0.000000,483.239014,26.840576
southernmagnolia,young,yes,0.000000,482.963013,23.841553
southernmagnolia,young,yes,0.000000,482.687988,23.642578
southernmagnolia,young,yes,0.000000,482.411987,24.683350
southernmagnolia,young,yes,0.000000,482.136993,23.964355
southernmagnolia,young,yes,0.000000,481.860992,29.325684
southernmagnolia,young,yes,0.000000,481.584991,24.126709
southernmagnolia,young,yes,0.000000,481.309998,18.567627
southernmagnolia,young,yes,0.000000,481.033997,36.048584
southernmagnolia,young,yes,0.000000,480.759003,24.649902
southernmagnolia,young,yes,0.000000,480.483002,18.410645
southernmagnolia,young,yes,0.000000,480.208008,24.691650
southernmagnolia,young,yes,0.000000,479.932007,28.332764
southernmagnolia,young,yes,0.000000,479.656006,23.453613
southernmagnolia,young,yes,0.000000,479.381012,27.814941
southernmagnolia,young,yes,0.000000,479.105011,29.135986
southernmagnolia,young,yes,0.000000,478.829987,26.976807
southernmagnolia,young,yes,0.000000,478.553986,23.497803
southernmagnolia,young,yes,0.000000,478.278992,22.938965
southernmagnolia,young,yes,0.000000,478.002991,30.860107
southernmagnolia,young,yes,0.000000,477.726990,33.220947
southernmagnolia,young,yes,0.000000,477.451996,27.541992
southernmagnolia,young,yes,0.000000,477.175995,30.182861
southernmagnolia,young,yes,0.000000,476.901001,28.344238
southernmagnolia,young,yes,0.000000,476.625000,19.585205
southernmagnolia,young,yes,0.000000,476.350006,29.306152
southernmagnolia,young,yes,0.000000,476.074005,32.427002
southernmagnolia,young,yes,0.000000,475.798004,26.788330
southernmagnolia,young,yes,0.000000,475.523010,31.549316
southernmagnolia,young,yes,0.000000,475.247009,24.550293
southernmagnolia,young,yes,0.000000,474.971985,32.391357
southernmagnolia,young,yes,0.000000,474.696014,25.592529
southernmagnolia,young,yes,0.000000,474.420990,38.913574
southernmagnolia,young,yes,0.000000,474.144989,41.354492
southernmagnolia,young,yes,0.000000,473.868988,38.355469
southernmagnolia,young,yes,0.000000,473.593994,29.636475
southernmagnolia,young,yes,0.000000,473.317993,16.597656
southernmagnolia,young,yes,0.000000,473.042999,20.198486
southernmagnolia,young,yes,0.000000,472.766998,25.519531
southernmagnolia,young,yes,0.000000,472.490997,22.280518
southernmagnolia,young,yes,0.000000,472.216003,21.841797
southernmagnolia,young,yes,0.000000,471.940002,20.682861
southernmagnolia,young,yes,0.000000,471.665009,26.523682
southernmagnolia,young,yes,0.000000,471.389008,42.084717
southernmagnolia,young,yes,0.000000,471.114014,25.445557
southernmagnolia,young,yes,0.000000,470.838013,21.806885
southernmagnolia,young,yes,0.000000,470.562012,27.887939
southernmagnolia,young,yes,0.000000,470.286987,24.648926
southernmagnolia,young,yes,0.000000,470.010986,22.769775
southernmagnolia,young,yes,0.000000,469.735992,24.571045
southernmagnolia,young,yes,0.000000,469.459991,13.971924
southernmagnolia,young,yes,0.000000,469.184998,28.492920
southernmagnolia,young,yes,0.000000,468.908997,32.614014
southernmagnolia,young,yes,0.000000,468.632996,26.295166
southernmagnolia,young,yes,0.000000,468.358002,33.856201
southernmagnolia,young,yes,0.000000,468.082001,26.297119
southernmagnolia,young,yes,0.000000,467.807007,28.978027
southernmagnolia,young,yes,0.000000,467.531006,19.218994
southernmagnolia,young,yes,0.000000,467.256012,25.940430
southernmagnolia,young,yes,0.000000,466.980011,21.341309
southernmagnolia,young,yes,0.000000,466.704010,9.062256
southernmagnolia,young,yes,0.000000,466.428986,25.823242
southernmagnolia,young,yes,0.000000,466.153015,21.344482
southernmagnolia,young,yes,0.000000,465.877991,15.385498
southernmagnolia,young,yes,0.000000,465.601990,19.506348
southernmagnolia,young,yes,0.000000,465.326996,20.707520
southernmagnolia,young,yes,0.000000,465.050995,27.148438
southernmagnolia,young,yes,0.000000,464.774994,31.869629
southernmagnolia,young,yes,0.000000,464.500000,24.590576
southernmagnolia,young,yes,0.000000,464.223999,27.711670
southernmagnolia,young,yes,0.000000,463.949005,24.312500
southernmagnolia,young,yes,0.000000,463.673004,28.193848
southernmagnolia,young,yes,0.000000,463.397003,18.114746
southernmagnolia,young,yes,0.000000,463.122009,26.275635
southernmagnolia,young,yes,0.000000,462.846008,30.076660
southernmagnolia,young,yes,0.000000,462.571014,23.157959
southernmagnolia,young,yes,0.000000,462.295013,18.678955
southernmagnolia,young,yes,0.000000,462.019989,31.199951
southernmagnolia,young,yes,0.000000,461.743988,21.760742
southernmagnolia,young,yes,0.000000,461.467987,27.001709
southernmagnolia,young,yes,0.000000,461.192993,19.723145
southernmagnolia,young,yes,0.000000,460.916992,28.964111
southernmagnolia,young,yes,0.000000,460.641998,24.125000
southernmagnolia,young,yes,0.000000,460.365997,26.125977
southernmagnolia,young,yes,0.000000,460.091003,21.127197
southernmagnolia,young,yes,0.000000,459.815002,29.048096
southernmagnolia,young,yes,0.000000,459.539001,16.089111
southernmagnolia,young,yes,0.000000,459.264008,5.730225
southernmagnolia,young,yes,0.000000,458.988007,21.811035
southernmagnolia,young,yes,0.000000,458.713013,24.732422
southernmagnolia,young,yes,0.000000,458.437012,17.773193
southernmagnolia,young,yes,0.000000,458.161987,22.654297
southernmagnolia,young,yes,0.000000,457.885986,31.215332
southernmagnolia,young,yes,0.000000,457.609985,27.336426
southernmagnolia,young,yes,0.000000,457.334991,35.537354
southernmagnolia,young,yes,0.000000,457.058990,17.018311
southernmagnolia,young,yes,0.000000,456.783997,20.379395
southernmagnolia,young,yes,0.000000,456.507996,18.100586
southernmagnolia,young,yes,0.000000,456.233002,19.941650
southernmagnolia,young,yes,0.000000,455.957001,19.622559
southernmagnolia,young,yes,0.000000,455.681000,15.023438
southernmagnolia,young,yes,0.000000,455.406006,21.944580
southernmagnolia,young,yes,0.000000,455.130005,30.105713
southernmagnolia,young,yes,0.000000,454.855011,21.906738
southernmagnolia,young,yes,0.000000,454.579010,26.787598
southernmagnolia,young,yes,0.000000,454.303986,22.308594
southernmagnolia,young,yes,0.000000,454.028015,23.629883
southernmagnolia,young,yes,0.000000,453.752014,29.990967
southernmagnolia,young,yes,0.000000,453.476990,28.711914
southernmagnolia,young,yes,0.000000,453.200989,28.152832
southernmagnolia,young,yes,0.000000,452.925995,14.833740
southernmagnolia,young,yes,0.000000,452.649994,23.834961
southernmagnolia,young,yes,0.000000,452.375000,19.115967
southernmagnolia,young,yes,0.000000,452.098999,24.156982
southernmagnolia,young,yes,0.000000,451.822998,33.677979
southernmagnolia,young,yes,0.000000,451.548004,23.559082
southernmagnolia,young,yes,0.000000,451.272003,25.400146
southernmagnolia,young,yes,0.000000,450.997009,29.241211
southernmagnolia,young,yes,0.000000,450.721008,35.041992
southernmagnolia,young,yes,0.000000,450.445007,14.483398
southernmagnolia,young,yes,0.000000,450.170013,18.204346
southernmagnolia,young,yes,0.000000,449.894012,23.725342
southernmagnolia,young,yes,0.000000,449.618988,17.886230
southernmagnolia,young,yes,0.000000,449.342987,15.687256
southernmagnolia,young,yes,0.000000,449.067993,13.048340
southernmagnolia,young,yes,0.000000,448.791992,22.729492
southernmagnolia,young,yes,0.000000,448.515991,17.170410
southernmagnolia,young,yes,0.000000,448.240997,11.651367
southernmagnolia,young,yes,0.000000,447.964996,20.292480
southernmagnolia,young,yes,0.000000,447.690002,23.533447
southernmagnolia,young,yes,0.000000,447.414001,17.294434
southernmagnolia,young,yes,0.000000,447.139008,12.815430
southernmagnolia,young,yes,0.000000,446.863007,15.176514
southernmagnolia,young,yes,0.000000,446.587006,13.977783
southernmagnolia,young,yes,0.000000,446.312012,24.778809
southernmagnolia,young,yes,0.000000,446.036011,19.339600
southernmagnolia,young,yes,0.000000,445.760986,26.420654
southernmagnolia,young,yes,0.000000,445.484985,30.581787
southernmagnolia,young,yes,0.000000,445.209991,25.862793
southernmagnolia,young,yes,0.000000,444.933990,23.943848
southernmagnolia,young,yes,0.000000,444.657990,23.664795
southernmagnolia,young,yes,0.000000,444.382996,13.225830
southernmagnolia,young,yes,0.000000,444.106995,18.947021
southernmagnolia,young,yes,0.000000,443.832001,27.107910
southernmagnolia,young,yes,0.000000,443.556000,23.749023
southernmagnolia,young,yes,0.000000,443.281006,9.149902
southernmagnolia,young,yes,0.000000,443.005005,12.751221
southernmagnolia,young,yes,0.000000,442.729004,11.112061
southernmagnolia,young,yes,0.000000,442.454010,7.113037
southernmagnolia,young,yes,0.000000,442.178009,18.754150
southernmagnolia,young,yes,0.000000,441.903015,23.155273
southernmagnolia,young,yes,0.000000,441.627014,22.036377
southernmagnolia,young,yes,0.000000,441.351013,15.477295
southernmagnolia,young,yes,0.000000,441.075989,21.638184
southernmagnolia,young,yes,0.000000,440.799988,25.039307
southernmagnolia,young,yes,0.000000,440.524994,19.920410
southernmagnolia,young,yes,0.000000,440.248993,19.401367
southernmagnolia,young,yes,0.000000,439.973999,18.642334
southernmagnolia,young,yes,0.000000,439.697998,21.363281
southernmagnolia,young,yes,0.000000,439.421997,15.804688
southernmagnolia,young,yes,0.000000,439.147003,14.685547
southernmagnolia,young,yes,0.000000,438.871002,24.486572
southernmagnolia,young,yes,0.000000,438.596008,18.207520
southernmagnolia,young,yes,0.000000,438.320007,18.688477
southernmagnolia,young,yes,0.000000,438.045013,23.089600
southernmagnolia,young,yes,0.000000,437.769012,25.290771
southernmagnolia,young,yes,0.000000,437.493011,19.171631
southernmagnolia,young,yes,0.000000,437.217987,22.572510
southernmagnolia,young,yes,0.000000,436.941986,19.693848
southernmagnolia,young,yes,0.000000,436.666992,27.374756
southernmagnolia,young,yes,0.000000,436.390991,21.695801
southernmagnolia,young,yes,0.000000,436.115997,21.656738
southernmagnolia,young,yes,0.000000,435.839996,20.258057
southernmagnolia,young,yes,0.000000,435.569000,19.378906
southernmagnolia,young,yes,0.000000,435.298004,21.739990
southernmagnolia,young,yes,0.000000,435.027008,22.340820
southernmagnolia,young,yes,0.000000,434.755005,18.381836
southernmagnolia,young,yes,0.000000,434.484009,11.543213
southernmagnolia,young,yes,0.000000,434.213013,21.424072
southernmagnolia,young,yes,0.000000,433.941986,31.185059
southernmagnolia,young,yes,0.000000,433.670990,16.266113
southernmagnolia,young,yes,0.000000,433.399994,17.107178
southernmagnolia,young,yes,0.000000,433.128998,12.228271
southernmagnolia,young,yes,0.000000,432.858002,6.549316
southernmagnolia,young,yes,0.000000,432.585999,17.190186
southernmagnolia,young,yes,0.000000,432.315002,15.111084
southernmagnolia,young,yes,0.000000,432.044006,8.072510
southernmagnolia,young,yes,0.000000,431.773010,15.193359
southernmagnolia,young,yes,0.000000,431.502014,21.354248
southernmagnolia,young,yes,0.000000,431.230988,21.475342
southernmagnolia,young,yes,0.000000,430.959991,15.596436
southernmagnolia,young,yes,0.000000,430.688995,20.797607
southernmagnolia,young,yes,0.000000,430.416992,14.318604
southernmagnolia,young,yes,0.000000,430.145996,19.439453
southernmagnolia,young,yes,0.000000,429.875000,29.360596
southernmagnolia,young,yes,0.000000,429.604004,21.321777
southernmagnolia,young,yes,0.000000,429.333008,24.362549
southernmagnolia,young,yes,0.000000,429.062012,11.523682
southernmagnolia,young,yes,0.000000,428.790985,20.844727
southernmagnolia,young,yes,0.000000,428.519012,21.445801
southernmagnolia,young,yes,0.000000,428.247986,15.366699
southernmagnolia,young,yes,0.000000,427.976990,21.247803
southernmagnolia,young,yes,0.000000,427.705994,16.848877
southernmagnolia,young,yes,0.000000,427.434998,0.000000
southernmagnolia,young,yes,0.000000,427.164001,7.650879
southernmagnolia,young,yes,0.000000,426.893005,10.052002
southernmagnolia,young,yes,0.000000,426.622009,20.892822
southernmagnolia,young,yes,0.000000,426.350006,15.733887
southernmagnolia,young,yes,0.000000,426.079010,13.695068
southernmagnolia,young,yes,0.000000,425.808014,10.776123
southernmagnolia,young,yes,0.000000,425.536987,11.097168
southernmagnolia,young,yes,0.000000,425.265991,32.018066
southernmagnolia,young,yes,0.000000,424.994995,15.899170
southernmagnolia,young,yes,0.000000,424.723999,14.660156
southernmagnolia,young,yes,0.000000,424.453003,17.101318
southernmagnolia,young,yes,0.000000,424.181000,19.062256
southernmagnolia,young,yes,0.000000,423.910004,22.303467
southernmagnolia,young,yes,0.000000,423.639008,13.704346
southernmagnolia,young,yes,0.000000,423.368011,17.665283
southernmagnolia,young,yes,0.000000,423.096985,24.066406
southernmagnolia,young,yes,0.000000,422.825989,21.587402
southernmagnolia,young,yes,0.000000,422.554993,9.588623
southernmagnolia,young,yes,0.000000,422.282990,19.389404
southernmagnolia,young,yes,0.000000,422.011993,16.870605
southernmagnolia,young,yes,0.000000,421.740997,14.231445
southernmagnolia,young,yes,0.000000,421.470001,14.152588
southernmagnolia,young,yes,0.000000,421.199005,9.233643
southernmagnolia,young,yes,0.000000,420.928009,9.874756
southernmagnolia,young,yes,0.000000,420.657013,14.875732
southernmagnolia,young,yes,0.000000,420.385986,10.436523
southernmagnolia,young,yes,0.000000,420.114014,12.557861
southernmagnolia,young,yes,0.000000,419.842987,12.558838
southernmagnolia,young,yes,0.000000,419.571991,15.479736
southernmagnolia,young,yes,0.000000,419.300995,20.640625
southernmagnolia,young,yes,0.000000,419.029999,18.641846
southernmagnolia,young,yes,0.000000,418.759003,16.603027
southernmagnolia,young,yes,0.000000,418.488007,17.723877
southernmagnolia,young,yes,0.000000,418.217010,18.164795
southernmagnolia,young,yes,0.000000,417.945007,22.805908
southernmagnolia,young,yes,0.000000,417.674011,16.367188
southernmagnolia,young,yes,0.000000,417.403015,14.968018
southernmagnolia,young,yes,0.000000,417.131989,11.729004
southernmagnolia,young,yes,0.000000,416.860992,29.169922
southernmagnolia,young,yes,0.000000,416.589996,23.011230
southernmagnolia,young,yes,0.000000,416.319000,16.972168
southernmagnolia,young,yes,0.000000,416.046997,22.213135
southernmagnolia,young,yes,0.000000,415.776001,16.094238
southernmagnolia,young,yes,0.000000,415.505005,16.415283
southernmagnolia,young,yes,0.000000,415.234009,9.056396
southernmagnolia,young,yes,0.000000,414.963013,19.657227
southernmagnolia,young,yes,0.000000,414.691986,13.778320
southernmagnolia,young,yes,0.000000,414.420990,18.659180
southernmagnolia,young,yes,0.000000,414.149994,12.300537
southernmagnolia,young,yes,0.000000,413.877991,18.741455
southernmagnolia,young,yes,0.000000,413.606995,15.182373
southernmagnolia,young,yes,0.000000,413.335999,15.743408
southernmagnolia,young,yes,0.000000,413.065002,21.224609
southernmagnolia,young,yes,0.000000,412.794006,13.865723
southernmagnolia,young,yes,0.000000,412.523010,9.226562
southernmagnolia,young,yes,0.000000,412.252014,18.027588
southernmagnolia,young,yes,0.000000,411.980988,9.228516
southernmagnolia,young,yes,0.000000,411.709015,16.429688
southernmagnolia,young,yes,0.000000,411.437988,12.190674
southernmagnolia,young,yes,0.000000,411.166992,14.271729
southernmagnolia,young,yes,0.000000,410.895996,8.432617
southernmagnolia,young,yes,0.000000,410.625000,5.914062
southernmagnolia,young,yes,0.000000,410.354004,14.434814
southernmagnolia,young,yes,0.000000,410.083008,18.555908
southernmagnolia,young,yes,0.000000,409.811005,8.796875
southernmagnolia,young,yes,0.000000,409.540009,10.038086
southernmagnolia,young,yes,0.000000,409.269012,18.319092
southernmagnolia,young,yes,0.000000,408.997986,2.719971
southernmagnolia,young,yes,0.000000,408.726990,8.041016
southernmagnolia,young,yes,0.000000,408.455994,11.082031
southernmagnolia,young,yes,0.000000,408.184998,11.683105
southernmagnolia,young,yes,0.000000,407.914001,7.524170
southernmagnolia,young,yes,0.000000,407.641998,5.805176
southernmagnolia,young,yes,0.000000,407.371002,10.766113
southernmagnolia,young,yes,0.000000,407.100006,8.607422
southernmagnolia,young,yes,0.000000,406.829010,7.248291
southernmagnolia,young,yes,0.000000,406.558014,19.489258
southernmagnolia,young,yes,0.000000,406.286987,4.810303
southernmagnolia,young,yes,0.000000,406.015991,15.211182
southernmagnolia,young,yes,0.000000,405.744995,10.292480
southernmagnolia,young,yes,0.000000,405.472992,29.173584
southernmagnolia,young,yes,0.000000,405.201996,16.374512
southernmagnolia,young,yes,0.000000,404.931000,8.855469
southernmagnolia,young,yes,0.000000,404.660004,11.136719
southernmagnolia,young,yes,0.000000,404.394989,0.817627
southernmagnolia,young,yes,0.000000,404.131012,10.818604
southernmagnolia,young,yes,0.000000,403.865997,14.859619
southernmagnolia,young,yes,0.000000,403.601013,10.340820
southernmagnolia,young,yes,0.000000,403.335999,11.621826
southernmagnolia,young,yes,0.000000,403.071991,12.342773
southernmagnolia,young,yes,0.000000,402.807007,2.983643
southernmagnolia,young,yes,0.000000,402.541992,8.504639
southernmagnolia,young,yes,0.000000,402.277008,25.145996
southernmagnolia,young,yes,0.000000,402.013000,10.506836
southernmagnolia,young,yes,0.000000,401.747986,12.507812
southernmagnolia,young,yes,0.000000,401.483002,7.868896
southernmagnolia,young,yes,0.000000,401.218994,5.150146
southernmagnolia,young,yes,0.000000,400.954010,6.111084
southernmagnolia,young,yes,0.000000,400.688995,15.192139
southernmagnolia,young,yes,0.000000,400.424011,10.953125
southernmagnolia,young,yes,0.000000,400.160004,10.194092
southernmagnolia,young,yes,0.000000,399.894989,10.075195
southernmagnolia,young,yes,0.000000,399.630005,1.676270
southernmagnolia,young,yes,0.000000,399.364990,3.717041
southernmagnolia,young,yes,0.000000,399.101013,11.638184
southernmagnolia,young,yes,0.000000,398.835999,15.839355
southernmagnolia,young,yes,0.000000,398.571014,1.120361
southernmagnolia,young,yes,0.000000,398.306000,14.361328
southernmagnolia,young,yes,0.000000,398.041992,4.362305
southernmagnolia,young,yes,0.000000,397.777008,7.083496
southernmagnolia,young,yes,0.000000,397.511993,4.404541
southernmagnolia,young,yes,0.000000,397.247986,18.685547
southernmagnolia,young,yes,0.000000,396.983002,17.886475
southernmagnolia,young,yes,0.000000,396.717987,3.727295
southernmagnolia,young,yes,0.000000,396.453003,13.408691
southernmagnolia,young,yes,0.000000,396.188995,18.009521
southernmagnolia,young,yes,0.000000,395.924011,18.810547
southernmagnolia,young,yes,0.000000,395.658997,11.451660
southernmagnolia,young,yes,0.000000,395.394012,25.332764
southernmagnolia,young,yes,0.000000,395.130005,16.733643
southernmagnolia,young,yes,0.000000,394.864990,12.974854
southernmagnolia,young,yes,0.000000,394.600006,3.655762
southernmagnolia,young,yes,0.000000,394.335999,6.856689
southernmagnolia,young,yes,0.000000,394.071014,7.417969
southernmagnolia,young,yes,0.000000,393.806000,9.658936
southernmagnolia,young,yes,0.000000,393.540985,9.339844
southernmagnolia,young,yes,0.000000,393.277008,0.000000
southernmagnolia,young,yes,0.000000,393.011993,5.662109
southernmagnolia,young,yes,0.000000,392.747009,7.343018
southernmagnolia,young,yes,0.000000,392.481995,8.303955
southernmagnolia,young,yes,0.000000,392.217987,3.145020
southernmagnolia,young,yes,0.000000,391.953003,12.706299
southernmagnolia,young,yes,0.000000,391.687988,3.107178
southernmagnolia,young,yes,0.000000,391.424011,4.828125
southernmagnolia,young,yes,0.000000,391.158997,8.469238
southernmagnolia,young,yes,0.000000,390.894012,9.070068
southernmagnolia,young,yes,0.000000,390.628998,9.831299
southernmagnolia,young,yes,0.000000,390.364990,1.352295
southernmagnolia,young,yes,0.000000,390.100006,0.000000
southernmagnolia,young,yes,0.000000,389.834991,3.954346
southernmagnolia,young,yes,0.000000,389.570007,10.155518
southernmagnolia,young,yes,0.000000,389.306000,5.836426
southernmagnolia,young,yes,0.000000,389.040985,3.677490
southernmagnolia,young,yes,0.000000,388.776001,0.000000
southernmagnolia,young,yes,0.000000,388.510986,16.919434
southernmagnolia,young,yes,0.000000,388.247009,9.520508
southernmagnolia,young,yes,0.000000,387.981995,9.121582
southernmagnolia,young,yes,0.000000,387.717010,0.000000
southernmagnolia,young,yes,0.000000,387.453003,8.003662
southernmagnolia,young,yes,0.000000,387.187988,6.924805
southernmagnolia,young,yes,0.000000,386.923004,11.445801
southernmagnolia,young,yes,0.000000,386.657990,13.326660
southernmagnolia,young,yes,0.000000,386.394012,12.847656
southernmagnolia,young,yes,0.000000,386.128998,8.768555
southernmagnolia,young,yes,0.000000,385.864014,2.969971
southernmagnolia,young,yes,0.000000,385.598999,0.000000
southernmagnolia,young,yes,0.000000,385.334991,0.000000
southernmagnolia,young,yes,0.000000,385.070007,18.892822
southernmagnolia,young,yes,0.000000,384.804993,10.374023
southernmagnolia,young,yes,0.000000,384.540985,0.655029
southernmagnolia,young,yes,0.000000,384.276001,6.295898
southernmagnolia,young,yes,0.000000,384.010986,3.056885
southernmagnolia,young,yes,0.000000,383.746002,11.898193
southernmagnolia,young,yes,0.000000,383.481995,13.099121
southernmagnolia,young,yes,0.000000,383.217010,14.500244
southernmagnolia,young,yes,0.000000,382.951996,7.301025
southernmagnolia,young,yes,0.000000,382.687012,7.462158
southernmagnolia,young,yes,0.000000,382.423004,4.543213
southernmagnolia,young,yes,0.000000,382.157990,14.944336
southernmagnolia,young,yes,0.000000,381.893005,10.225342
southernmagnolia,young,yes,0.000000,381.628998,13.146240
southernmagnolia,young,yes,0.000000,381.364014,10.067383
southernmagnolia,young,yes,0.000000,381.098999,4.588379
southernmagnolia,young,yes,0.000000,380.834015,5.789307
southernmagnolia,young,yes,0.000000,380.570007,7.110352
southernmagnolia,young,yes,0.000000,380.304993,5.791260
southernmagnolia,young,yes,0.000000,380.040009,13.952637
southernmagnolia,young,yes,0.000000,379.774994,5.513672
southernmagnolia,young,yes,0.000000,379.510986,11.234619
southernmagnolia,young,yes,0.000000,379.246002,4.195557
southernmagnolia,young,yes,0.000000,378.980988,5.636719
southernmagnolia,young,yes,0.000000,378.716003,7.637695
southernmagnolia,young,yes,0.000000,378.451996,4.998779
southernmagnolia,young,yes,0.000000,378.187012,10.999756
southernmagnolia,young,yes,0.000000,377.921997,8.760986
southernmagnolia,young,yes,0.000000,377.657990,0.000000
southernmagnolia,young,yes,0.000000,377.393005,8.802734
southernmagnolia,young,yes,0.000000,377.127991,11.163818
southernmagnolia,young,yes,0.000000,376.863007,11.764893
southernmagnolia,young,yes,0.000000,376.598999,6.885986
southernmagnolia,young,yes,0.000000,376.334015,12.487061
southernmagnolia,young,yes,0.000000,376.069000,13.847900
southernmagnolia,young,yes,0.000000,375.803986,13.208984
southernmagnolia,young,yes,0.000000,375.540009,10.770264
southernmagnolia,young,yes,0.000000,375.274994,10.731201
southernmagnolia,young,yes,0.000000,375.010010,2.932129
southernmagnolia,young,yes,0.000000,374.746002,5.013184
southernmagnolia,young,yes,0.000000,374.480988,7.093994
southernmagnolia,young,yes,0.000000,374.216003,0.000000
southernmagnolia,young,yes,0.000000,373.950989,6.776367
southernmagnolia,young,yes,0.000000,373.687012,7.097168
southernmagnolia,young,yes,0.000000,373.421997,4.298340
southernmagnolia,young,yes,0.000000,373.157013,2.779541
southernmagnolia,young,yes,0.000000,372.891998,6.980469
southernmagnolia,young,yes,0.000000,372.627991,4.221436
southernmagnolia,young,yes,0.000000,372.363007,11.782471
southernmagnolia,young,yes,0.000000,372.097992,15.783691
southernmagnolia,young,yes,0.000000,371.834015,22.024658
southernmagnolia,young,yes,0.000000,371.569000,5.825439
southernmagnolia,young,yes,0.000000,371.303986,1.386475
southernmagnolia,young,yes,0.000000,371.039001,10.307617
southernmagnolia,young,yes,0.000000,370.774994,16.308838
southernmagnolia,young,yes,0.000000,370.510010,12.149658
southernmagnolia,young,yes,0.000000,370.244995,15.350586
southernmagnolia,young,yes,0.000000,369.980011,9.871582
southernmagnolia,young,yes,0.000000,369.716003,7.432861
southernmagnolia,young,yes,0.000000,369.450989,0.000000
southernmagnolia,young,yes,0.000000,369.186005,12.154785
southernmagnolia,young,yes,0.000000,368.920990,12.395752
southernmagnolia,young,yes,0.000000,368.657013,3.276855
southernmagnolia,young,yes,0.000000,368.391998,12.798096
southernmagnolia,young,yes,0.000000,368.127014,11.958984
southernmagnolia,young,yes,0.000000,367.863007,8.760010
southernmagnolia,young,yes,0.000000,367.597992,7.801025
southernmagnolia,young,yes,0.000000,367.333008,13.082275
southernmagnolia,young,yes,0.000000,367.067993,6.563232
southernmagnolia,young,yes,0.000000,366.803986,9.124023
southernmagnolia,young,yes,0.000000,366.539001,1.045166
southernmagnolia,young,yes,0.000000,366.273987,6.926270
southernmagnolia,young,yes,0.000000,366.009003,7.927246
southernmagnolia,young,yes,0.000000,365.744995,3.448242
southernmagnolia,young,yes,0.000000,365.480011,6.049316
southernmagnolia,young,yes,0.000000,365.217987,3.850098
southernmagnolia,young,yes,0.000000,364.957001,10.531494
southernmagnolia,young,yes,0.000000,364.695007,10.852295
southernmagnolia,young,yes,0.000000,364.433990,11.813477
southernmagnolia,young,yes,0.000000,364.171997,2.054443
southernmagnolia,young,yes,0.000000,363.911011,1.775635
southernmagnolia,young,yes,0.000000,363.648987,4.456543
southernmagnolia,young,yes,0.000000,363.388000,2.497559
southernmagnolia,young,yes,0.000000,363.126007,11.378418
southernmagnolia,young,yes,0.000000,362.864990,7.099609
southernmagnolia,young,yes,0.000000,362.602997,12.660645
southernmagnolia,young,yes,0.000000,362.341003,0.061768
southernmagnolia,young,yes,0.000000,362.079987,12.502686
southernmagnolia,young,yes,0.000000,361.817993,0.000000
southernmagnolia,young,yes,0.000000,361.557007,9.744873
southernmagnolia,young,yes,0.000000,361.295013,0.105957
southernmagnolia,young,yes,0.000000,361.033997,2.666748
southernmagnolia,young,yes,0.000000,360.772003,9.867676
southernmagnolia,young,yes,0.000000,360.510986,9.028809
southernmagnolia,young,yes,0.000000,360.248993,3.030029
southernmagnolia,young,yes,0.000000,359.987000,12.750977
southernmagnolia,young,yes,0.000000,359.726013,11.671875
southernmagnolia,young,yes,0.000000,359.463989,11.712891
southernmagnolia,young,yes,0.000000,359.203003,3.834229
southernmagnolia,young,yes,0.000000,358.941010,0.000000
southernmagnolia,young,yes,0.000000,358.679993,14.716064
southernmagnolia,young,yes,0.000000,358.417999,13.156982
southernmagnolia,young,yes,0.000000,358.157013,1.518311
southernmagnolia,young,yes,0.000000,357.894989,11.079346
southernmagnolia,young,yes,0.000000,357.634003,6.840332
southernmagnolia,young,yes,0.000000,357.372009,9.041260
southernmagnolia,young,yes,0.000000,357.109985,6.842285
southernmagnolia,young,yes,0.000000,356.848999,9.483398
southernmagnolia,young,yes,0.000000,356.587006,4.044434
southernmagnolia,young,yes,0.000000,356.325989,6.485352
southernmagnolia,young,yes,0.000000,356.063995,9.406250
southernmagnolia,young,yes,0.000000,355.803009,0.000000
southernmagnolia,young,yes,0.000000,355.540985,8.848633
southernmagnolia,young,yes,0.000000,355.279999,5.249512
southernmagnolia,young,yes,0.000000,355.018005,0.530518
southernmagnolia,young,yes,0.000000,354.756012,7.051514
southernmagnolia,young,yes,0.000000,354.494995,8.572754
southernmagnolia,young,yes,0.000000,354.233002,7.813721
southernmagnolia,young,yes,0.000000,353.971985,13.974609
southernmagnolia,young,yes,0.000000,353.709991,9.175537
southernmagnolia,young,yes,0.000000,353.449005,17.736816
southernmagnolia,young,yes,0.000000,353.187012,4.257812
southernmagnolia,young,yes,0.000000,352.925995,0.000000
southernmagnolia,young,yes,0.000000,352.664001,4.779785
southernmagnolia,young,yes,0.000000,352.402008,8.180908
southernmagnolia,young,yes,0.000000,352.140991,6.661865
southernmagnolia,young,yes,0.000000,351.878998,4.062988
southernmagnolia,young,yes,0.000000,351.618011,10.864014
southernmagnolia,young,yes,0.000000,351.355988,12.424805
southernmagnolia,young,yes,0.000000,351.095001,8.666016
southernmagnolia,young,yes,0.000000,350.833008,7.067139
southernmagnolia,young,yes,0.000000,350.571991,7.868164
southernmagnolia,young,yes,0.000000,350.309998,0.000000
southernmagnolia,young,yes,0.000000,350.049011,1.270264
southernmagnolia,young,yes,0.000000,349.786987,8.271240
southernmagnolia,young,yes,0.000000,349.524994,1.552246
southernmagnolia,young,yes,0.000000,349.264008,10.793213
southernmagnolia,young,yes,0.000000,349.002014,3.994141
southernmagnolia,young,yes,0.000000,348.740997,10.315430
southernmagnolia,young,yes,0.000000,348.479004,3.156494
southernmagnolia,young,yes,0.000000,348.217987,4.917236
southernmagnolia,young,yes,0.000000,347.955994,0.000000
southernmagnolia,young,yes,0.000000,347.695007,17.639648
southernmagnolia,young,yes,0.000000,347.433014,9.600586
southernmagnolia,young,yes,0.000000,347.170990,0.000000
southernmagnolia,young,yes,0.000000,346.910004,0.000000
southernmagnolia,young,yes,0.000000,346.648010,0.603760
southernmagnolia,young,yes,0.000000,346.386993,4.284668
southernmagnolia,young,yes,0.000000,346.125000,0.000000
southernmagnolia,young,yes,0.000000,345.864014,1.046631
southernmagnolia,young,yes,0.000000,345.601990,8.087646
southernmagnolia,young,yes,0.000000,345.341003,11.248779
southernmagnolia,young,yes,0.000000,345.079010,9.969727
southernmagnolia,young,yes,0.000000,344.817993,10.770752
southernmagnolia,young,yes,0.000000,344.556000,17.411865
southernmagnolia,young,yes,0.000000,344.294006,10.252930
southernmagnolia,young,yes,0.000000,344.032990,0.000000
southernmagnolia,young,yes,0.000000,343.770996,0.000000
southernmagnolia,young,yes,0.000000,343.510010,4.615967
southernmagnolia,young,yes,0.000000,343.247986,13.656982
southernmagnolia,young,yes,0.000000,342.987000,6.978027
southernmagnolia,young,yes,0.000000,342.725006,11.499023
southernmagnolia,young,yes,0.000000,342.463989,13.180176
southernmagnolia,young,yes,0.000000,342.201996,10.861084
southernmagnolia,young,yes,0.000000,341.940002,15.582275
southernmagnolia,young,yes,0.000000,341.678986,5.543213
southernmagnolia,young,yes,0.000000,341.416992,5.424316
southernmagnolia,young,yes,0.000000,341.156006,13.025146
southernmagnolia,young,yes,0.000000,340.894012,4.146484
southernmagnolia,young,yes,0.000000,340.632996,4.987305
southernmagnolia,young,yes,0.000000,340.371002,4.708252
southernmagnolia,young,yes,0.000000,340.109985,13.349365
southernmagnolia,young,yes,0.000000,339.847992,4.310303
southernmagnolia,young,yes,0.000000,339.587006,5.151611
southernmagnolia,young,yes,0.000000,339.325012,0.000000
southernmagnolia,young,yes,0.000000,339.062988,3.073486
southernmagnolia,young,yes,0.000000,338.802002,0.000000
southernmagnolia,young,yes,0.000000,338.540009,1.715576
southernmagnolia,young,yes,0.000000,338.278992,5.716553
southernmagnolia,young,yes,0.000000,338.016998,5.077637
southernmagnolia,young,yes,0.000000,337.756012,7.078613
southernmagnolia,young,yes,0.000000,337.493988,14.159668
southernmagnolia,young,yes,0.000000,337.233002,11.920898
southernmagnolia,young,yes,0.000000,336.971008,11.481689
southernmagnolia,young,yes,0.000000,336.709015,7.202881
southernmagnolia,young,yes,0.000000,336.447998,5.043701
southernmagnolia,young,yes,0.000000,336.186005,13.764893
southernmagnolia,young,yes,0.000000,335.924988,10.045898
southernmagnolia,young,yes,0.000000,335.662994,0.000000
southernmagnolia,young,yes,0.000000,335.402008,1.887939
southernmagnolia,young,yes,0.000000,335.140015,5.249023
southernmagnolia,young,yes,0.000000,334.878998,5.810059
southernmagnolia,young,yes,0.000000,334.617004,4.571045
southernmagnolia,young,yes,0.000000,334.355988,11.372070
southernmagnolia,young,yes,0.000000,334.093994,7.972900
southernmagnolia,young,yes,0.000000,333.832001,7.374268
southernmagnolia,young,yes,0.000000,333.571014,11.575195
southernmagnolia,young,yes,0.000000,333.308990,5.496094
southernmagnolia,young,yes,0.000000,333.048004,3.737061
southernmagnolia,young,yes,0.000000,332.786011,0.000000
southernmagnolia,young,yes,0.000000,332.524994,6.819336
southernmagnolia,young,yes,0.000000,332.263000,5.500244
southernmagnolia,young,yes,0.000000,332.002014,12.661377
southernmagnolia,young,yes,0.000000,331.739990,13.742188
southernmagnolia,young,yes,0.000000,331.479004,4.463623
southernmagnolia,young,yes,0.000000,331.217010,12.424561
southernmagnolia,young,yes,0.000000,330.954987,9.225586
southernmagnolia,young,yes,0.000000,330.694000,11.866455
southernmagnolia,young,yes,0.000000,330.432007,6.387695
southernmagnolia,young,yes,0.000000,330.170990,0.000000
southernmagnolia,young,yes,0.000000,329.908997,8.429688
southernmagnolia,young,yes,0.000000,329.648010,8.470703
southernmagnolia,young,yes,0.000000,329.385986,8.671631
southernmagnolia,young,yes,0.000000,329.125000,3.952881
southernmagnolia,young,yes,0.000000,328.863007,8.313721
southernmagnolia,young,yes,0.000000,328.601013,3.394775
southernmagnolia,young,yes,0.000000,328.339996,15.355713
southernmagnolia,young,yes,0.000000,328.078003,7.957031
southernmagnolia,young,yes,0.000000,327.816986,9.117920
southernmagnolia,young,yes,0.000000,327.554993,7.838867
southernmagnolia,young,yes,0.000000,327.294006,10.639893
southernmagnolia,young,yes,0.000000,327.032013,9.961182
southernmagnolia,young,yes,0.000000,326.770996,7.682129
southernmagnolia,young,yes,0.000000,326.509003,7.163086
southernmagnolia,young,yes,0.000000,326.247986,0.000000
southernmagnolia,young,yes,0.000000,325.985992,0.000000
southernmagnolia,young,yes,0.000000,325.723999,6.886230
southernmagnolia,young,yes,0.000000,325.463013,6.887207
southernmagnolia,young,yes,0.000000,325.200989,4.728271
southernmagnolia,young,yes,0.000000,324.940002,11.049072
southernmagnolia,young,yes,0.000000,324.678009,7.490479
southernmagnolia,young,yes,0.000000,324.416992,8.451416
southernmagnolia,young,yes,0.000000,324.154999,19.772217
southernmagnolia,young,yes,0.000000,323.894012,0.000000
southernmagnolia,young,yes,0.000000,323.631989,13.654297
southernmagnolia,young,yes,0.000000,323.369995,20.655518
southernmagnolia,young,yes,0.000000,323.109009,10.376465
southernmagnolia,young,yes,0.000000,322.846985,4.137451
southernmagnolia,young,yes,0.000000,322.585999,4.018311
southernmagnolia,young,yes,0.000000,322.324005,6.539551
southernmagnolia,young,yes,0.000000,322.062988,0.000000
southernmagnolia,young,yes,0.000000,321.800995,1.941650
southernmagnolia,young,yes,0.000000,321.540009,8.662598
southernmagnolia,young,yes,0.000000,321.278015,5.623779
southernmagnolia,young,yes,0.000000,321.016998,9.304688
southernmagnolia,young,yes,0.000000,320.755005,5.025635
southernmagnolia,young,yes,0.000000,320.493011,11.346680
southernmagnolia,young,yes,0.000000,320.231995,7.467773
southernmagnolia,young,yes,0.000000,319.970001,10.028809
southernmagnolia,young,yes,0.000000,319.709015,7.229980
southernmagnolia,young,yes,0.000000,319.446991,15.670898
southernmagnolia,young,yes,0.000000,319.186005,11.351807
southernmagnolia,young,yes,0.000000,318.924011,7.513184
southernmagnolia,young,yes,0.000000,318.662994,0.000000
southernmagnolia,young,yes,0.000000,318.401001,8.395020
southernmagnolia,young,yes,0.000000,318.139008,10.676025
southernmagnolia,young,yes,0.000000,317.877991,7.596924
southernmagnolia,young,yes,0.000000,317.615997,8.558105
southernmagnolia,young,yes,0.000000,317.355011,6.719238
southernmagnolia,young,yes,0.000000,317.092987,6.880127
southernmagnolia,young,yes,0.000000,316.832001,0.000000
southernmagnolia,young,yes,0.000000,316.570007,2.042236
southernmagnolia,young,yes,0.000000,316.308990,0.923340
southernmagnolia,young,yes,0.000000,316.046997,9.364258
southernmagnolia,young,yes,0.000000,315.786011,12.085205
southernmagnolia,young,yes,0.000000,315.523987,12.606445
southernmagnolia,young,yes,0.000000,315.261993,0.000000
southernmagnolia,young,yes,0.000000,315.001007,16.248535
southernmagnolia,young,yes,0.000000,314.739014,10.569336
southernmagnolia,young,yes,0.000000,314.477997,3.370361
southernmagnolia,young,yes,0.000000,314.216003,7.091553
southernmagnolia,young,yes,0.000000,313.954987,2.052490
southernmagnolia,young,yes,0.000000,313.692993,6.173584
southernmagnolia,young,yes,0.000000,313.432007,14.294678
southernmagnolia,young,yes,0.000000,313.170013,5.495850
southernmagnolia,young,yes,0.000000,312.911987,5.656738
southernmagnolia,young,yes,0.000000,312.654999,12.577637
southernmagnolia,young,yes,0.000000,312.397003,17.938721
southernmagnolia,young,yes,0.000000,312.139008,6.739746
southernmagnolia,young,yes,0.000000,311.881989,1.020996
southernmagnolia,young,yes,0.000000,311.623993,4.021973
southernmagnolia,young,yes,0.000000,311.365997,1.502930
southernmagnolia,young,yes,0.000000,311.109009,6.703857
southernmagnolia,young,yes,0.000000,310.851013,11.185059
southernmagnolia,young,yes,0.000000,310.592987,11.306152
southernmagnolia,young,yes,0.000000,310.335999,1.747070
southernmagnolia,young,yes,0.000000,310.078003,15.468018
southernmagnolia,young,yes,0.000000,309.820007,10.789307
southernmagnolia,young,yes,0.000000,309.562988,4.630127
southernmagnolia,young,yes,0.000000,309.304993,17.031250
southernmagnolia,young,yes,0.000000,309.046997,7.632080
southernmagnolia,young,yes,0.000000,308.790009,6.153076
southernmagnolia,young,yes,0.000000,308.532013,10.874268
southernmagnolia,young,yes,0.000000,308.273987,13.755371
southernmagnolia,young,yes,0.000000,308.016998,10.556396
southernmagnolia,young,yes,0.000000,307.759003,12.437256
southernmagnolia,young,yes,0.000000,307.501007,0.718506
southernmagnolia,young,yes,0.000000,307.243988,8.479492
southernmagnolia,young,yes,0.000000,306.985992,10.760498
southernmagnolia,young,yes,0.000000,306.727997,11.321533
southernmagnolia,young,yes,0.000000,306.471008,1.362305
southernmagnolia,young,yes,0.000000,306.213013,0.000000
southernmagnolia,young,yes,0.000000,305.954987,3.484619
southernmagnolia,young,yes,0.000000,305.697998,12.725586
southernmagnolia,young,yes,0.000000,305.440002,0.000000
southernmagnolia,young,yes,0.000000,305.182007,0.000000
southernmagnolia,young,yes,0.000000,304.924988,0.000000
southernmagnolia,young,yes,0.000000,304.666992,3.809814
southernmagnolia,young,yes,0.000000,304.408997,0.850586
southernmagnolia,young,yes,0.000000,304.152008,11.651611
southernmagnolia,young,yes,0.000000,303.894012,4.012939
southernmagnolia,young,yes,0.000000,303.635986,6.213867
southernmagnolia,young,yes,0.000000,303.378998,9.774902
southernmagnolia,young,yes,0.000000,303.121002,13.935791
southernmagnolia,young,yes,0.000000,302.864014,1.096924
southernmagnolia,young,yes,0.000000,302.605988,16.377930
southernmagnolia,young,yes,0.000000,302.347992,10.858887
southernmagnolia,young,yes,0.000000,302.091003,3.780029
southernmagnolia,young,yes,0.000000,301.833008,11.141113
southernmagnolia,young,yes,0.000000,301.575012,8.542236
southernmagnolia,young,yes,0.000000,301.317993,10.623047
southernmagnolia,young,yes,0.000000,301.059998,12.064209
southernmagnolia,young,yes,0.000000,300.802002,6.585205
southernmagnolia,young,yes,0.000000,300.545013,4.746338
southernmagnolia,young,yes,0.000000,300.286987,9.907227
southernmagnolia,young,yes,0.000000,300.028992,10.788330
southernmagnolia,young,yes,0.000000,299.772003,9.629150
southernmagnolia,young,yes,0.000000,299.514008,18.550537
southernmagnolia,young,yes,0.000000,299.256012,9.831543
southernmagnolia,young,yes,0.000000,298.998993,13.312500
southernmagnolia,young,yes,0.000000,298.740997,13.433350
southernmagnolia,young,yes,0.000000,298.483002,3.714355
southernmagnolia,young,yes,0.000000,298.226013,10.755615
southernmagnolia,young,yes,0.000000,297.967987,18.236572
southernmagnolia,young,yes,0.000000,297.709991,4.117432
southernmagnolia,young,yes,0.000000,297.453003,17.398438
southernmagnolia,young,yes,0.000000,297.195007,12.599854
southernmagnolia,young,yes,0.000000,296.937012,1.880615
southernmagnolia,young,yes,0.000000,296.679993,8.881592
southernmagnolia,young,yes,0.000000,296.421997,22.122559
southernmagnolia,young,yes,0.000000,296.164001,18.683838
southernmagnolia,young,yes,0.000000,295.907013,7.084961
southernmagnolia,young,yes,0.000000,295.648987,0.000000
southernmagnolia,young,yes,0.000000,295.390991,0.000000
southernmagnolia,young,yes,0.000000,295.134003,9.447754
southernmagnolia,young,yes,0.000000,294.876007,14.968994
southernmagnolia,young,yes,0.000000,294.618011,9.770020
southernmagnolia,young,yes,0.000000,294.360992,8.690918
southernmagnolia,young,yes,0.000000,294.102997,18.011963
southernmagnolia,young,yes,0.000000,293.845001,6.173096
southernmagnolia,young,yes,0.000000,293.588013,17.934082
southernmagnolia,young,yes,0.000000,293.329987,6.935059
southernmagnolia,young,yes,0.000000,293.071991,4.056152
southernmagnolia,young,yes,0.000000,292.815002,4.457031
southernmagnolia,young,yes,0.000000,292.557007,8.778320
southernmagnolia,young,yes,0.000000,292.299011,15.259277
southernmagnolia,young,yes,0.000000,292.041992,18.260254
southernmagnolia,young,yes,0.000000,291.783997,7.581299
southernmagnolia,young,yes,0.000000,291.526001,6.942383
southernmagnolia,young,yes,0.000000,291.269012,7.943359
southernmagnolia,young,yes,0.000000,291.010986,8.824463
southernmagnolia,young,yes,0.000000,290.752991,8.985352
southernmagnolia,young,yes,0.000000,290.496002,0.000000
southernmagnolia,young,yes,0.000000,290.238007,6.467529
southernmagnolia,young,yes,0.000000,289.980011,6.908447
southernmagnolia,young,yes,0.000000,289.722992,9.709473
southernmagnolia,young,yes,0.000000,289.464996,12.750488
southernmagnolia,young,yes,0.000000,289.207001,19.671631
southernmagnolia,young,yes,0.000000,288.950012,1.672607
southernmagnolia,young,yes,0.000000,288.691986,2.153564
southernmagnolia,young,yes,0.000000,288.433990,5.914551
southernmagnolia,young,yes,0.000000,288.177002,8.475830
southernmagnolia,young,yes,0.000000,287.919006,12.596924
southernmagnolia,young,yes,0.000000,287.661011,9.957764
southernmagnolia,young,yes,0.000000,287.403992,8.358887
southernmagnolia,young,yes,0.000000,287.145996,6.759766
southernmagnolia,young,yes,0.000000,286.888000,5.480957
southernmagnolia,young,yes,0.000000,286.631012,13.322021
southernmagnolia,young,yes,0.000000,286.372986,9.603027
southernmagnolia,young,yes,0.000000,286.114990,5.923828
southernmagnolia,young,yes,0.000000,285.858002,15.085205
southernmagnolia,young,yes,0.000000,285.600006,20.326172
southernmagnolia,young,yes,0.000000,285.342010,7.207031
southernmagnolia,young,yes,0.000000,285.084991,13.768066
southernmagnolia,young,yes,0.000000,284.826996,10.609375
southernmagnolia,young,yes,0.000000,284.569000,5.210205
southernmagnolia,young,yes,0.000000,284.312012,8.531250
southernmagnolia,young,yes,0.000000,284.053986,2.252197
southernmagnolia,young,yes,0.000000,283.795990,4.773193
southernmagnolia,young,yes,0.000000,283.539001,2.374512
southernmagnolia,young,yes,0.000000,283.281006,8.815430
southernmagnolia,young,yes,0.000000,283.023987,4.376465
southernmagnolia,young,yes,0.000000,282.765991,6.937256
southernmagnolia,young,yes,0.000000,282.507996,19.098633
southernmagnolia,young,yes,0.000000,282.251007,5.299561
southernmagnolia,young,yes,0.000000,281.993011,4.460449
southernmagnolia,young,yes,0.000000,281.734985,0.000000
southernmagnolia,young,yes,0.000000,281.477997,4.502441
southernmagnolia,young,yes,0.000000,281.220001,1.943604
southernmagnolia,young,yes,0.000000,280.962006,0.000000
southernmagnolia,young,yes,0.000000,280.704987,0.745605
southernmagnolia,young,yes,0.000000,280.446991,7.426758
southernmagnolia,young,yes,0.000000,280.188995,6.547852
southernmagnolia,young,yes,0.000000,279.932007,5.948730
southernmagnolia,young,yes,0.000000,279.674011,5.349854
southernmagnolia,young,yes,0.000000,279.415985,7.430908
southernmagnolia,young,yes,0.000000,279.158997,13.231934
southernmagnolia,young,yes,0.000000,278.901001,0.000000
southernmagnolia,young,yes,0.000000,278.643005,0.000000
southernmagnolia,young,yes,0.000000,278.385986,5.794922
southernmagnolia,young,yes,0.000000,278.127991,1.755859
southernmagnolia,young,yes,0.000000,277.869995,15.997070
southernmagnolia,young,yes,0.000000,277.613007,3.318115
southernmagnolia,young,yes,0.000000,277.355011,12.439209
southernmagnolia,young,yes,0.000000,277.096985,8.040039
southernmagnolia,young,yes,0.000000,276.839996,9.641357
southernmagnolia,young,yes,0.000000,276.582001,7.442383
southernmagnolia,young,yes,0.000000,276.324005,5.003174
southernmagnolia,young,yes,0.000000,276.066986,7.604248
southernmagnolia,young,yes,0.000000,275.808990,2.125244
southernmagnolia,young,yes,0.000000,275.550995,9.686523
southernmagnolia,young,yes,0.000000,275.294006,5.167480
southernmagnolia,young,yes,0.000000,275.036011,0.000000
southernmagnolia,young,yes,0.000000,274.778015,8.849365
southernmagnolia,young,yes,0.000000,274.520996,9.370605
southernmagnolia,young,yes,0.000000,274.263000,14.411621
southernmagnolia,young,yes,0.000000,274.005005,16.292480
southernmagnolia,young,yes,0.000000,273.747986,4.733398
southernmagnolia,young,yes,0.000000,273.489990,6.694580
southernmagnolia,young,yes,0.000000,273.231995,9.055664
southernmagnolia,young,yes,0.000000,272.975006,6.976562
southernmagnolia,young,yes,0.000000,272.717010,15.737549
southernmagnolia,young,yes,0.000000,272.459015,13.738525
southernmagnolia,young,yes,0.000000,272.201996,13.179932
southernmagnolia,young,yes,0.000000,271.944000,1.980713
southernmagnolia,young,yes,0.000000,271.686005,11.981689
southernmagnolia,young,yes,0.000000,271.428986,2.342773
southernmagnolia,young,yes,0.000000,271.170990,15.303955
southernmagnolia,young,yes,0.000000,270.912994,6.344971
southernmagnolia,young,yes,0.000000,270.656006,5.466064
southernmagnolia,young,yes,0.000000,270.398010,7.427002
southernmagnolia,young,yes,0.000000,270.140015,8.387939
southernmagnolia,young,yes,0.000000,269.882996,6.429199
southernmagnolia,young,yes,0.000000,269.625000,14.510010
southernmagnolia,young,yes,0.000000,269.367004,3.951172
southernmagnolia,young,yes,0.000000,269.109985,2.511963
southernmagnolia,young,yes,0.000000,268.851990,4.753174
southernmagnolia,young,yes,0.000000,268.593994,6.034180
southernmagnolia,young,yes,0.000000,268.337006,8.395264
southernmagnolia,young,yes,0.000000,268.079010,0.000000
southernmagnolia,young,yes,0.000000,267.821014,25.037109
southernmagnolia,young,yes,0.000000,267.563995,7.478516
southernmagnolia,young,yes,0.000000,267.306000,6.239258
southernmagnolia,young,yes,0.000000,267.048004,10.840332
southernmagnolia,young,yes,0.000000,266.790985,2.801270
southernmagnolia,young,yes,0.000000,266.532990,3.722656
southernmagnolia,young,yes,0.000000,266.274994,2.323486
southernmagnolia,young,yes,0.000000,266.018005,19.964600
southernmagnolia,young,yes,0.000000,265.760010,7.165527
southernmagnolia,young,yes,0.000000,265.502014,0.000000
southernmagnolia,young,yes,0.000000,265.244995,12.927734
southernmagnolia,young,yes,0.000000,264.987000,7.128662
southernmagnolia,young,yes,0.000000,264.729004,3.689697
southernmagnolia,young,yes,0.000000,264.471985,10.570557
southernmagnolia,young,yes,0.000000,264.213989,3.251709
southernmagnolia,young,yes,0.000000,263.955994,13.292725
southernmagnolia,young,yes,0.000000,263.699005,7.573730
southernmagnolia,young,yes,0.000000,263.441010,0.134766
southernmagnolia,young,yes,0.000000,263.183990,0.000000
southernmagnolia,young,yes,0.000000,262.925995,15.217041
southernmagnolia,young,yes,0.000000,262.667999,8.417969
southernmagnolia,young,yes,0.000000,262.411011,12.979004
southernmagnolia,young,yes,0.000000,262.153015,2.459961
southernmagnolia,young,yes,0.000000,261.894989,7.701172
southernmagnolia,young,yes,0.000000,261.638000,11.462158
southernmagnolia,young,yes,0.000000,261.380005,12.703125
southernmagnolia,young,yes,0.000000,261.122009,12.263916
southernmagnolia,young,yes,0.000000,260.864990,4.385254
southernmagnolia,young,yes,0.000000,260.606995,2.666260
southernmagnolia,young,yes,0.000000,260.348999,0.667236
southernmagnolia,young,yes,0.000000,260.092010,6.748291
southernmagnolia,young,yes,0.000000,259.834015,8.309326
southernmagnolia,young,yes,0.000000,259.575989,11.630371
southernmagnolia,young,yes,0.000000,259.319000,16.591309
southernmagnolia,young,yes,0.000000,259.061005,10.752441
southernmagnolia,young,yes,0.000000,258.803009,5.393311
southernmagnolia,young,yes,0.000000,258.545990,2.194580
southernmagnolia,young,yes,0.000000,258.287994,5.915527
southernmagnolia,young,yes,0.000000,258.029999,7.756592
southernmagnolia,young,yes,0.000000,257.773010,9.557373
southernmagnolia,young,yes,0.000000,257.515015,12.518799
southernmagnolia,young,yes,0.000000,257.256989,25.599609
southernmagnolia,young,yes,0.000000,257.000000,13.480713
southernmagnolia,young,yes,0.000000,256.742004,7.441650
southernmagnolia,young,yes,0.000000,256.484009,10.682617
southernmagnolia,young,yes,0.000000,256.226990,0.000000
southernmagnolia,young,yes,0.000000,255.968994,7.444824
southernmagnolia,young,yes,0.000000,255.710999,9.965820
southernmagnolia,young,yes,0.000000,255.453995,10.966797
southernmagnolia,young,yes,0.000000,255.195999,0.127930
southernmagnolia,young,yes,0.000000,254.938004,8.128906
southernmagnolia,young,yes,0.000000,254.681000,16.649902
southernmagnolia,young,yes,0.000000,254.423004,4.370850
southernmagnolia,young,yes,0.000000,254.164993,9.092041
southernmagnolia,young,yes,0.000000,253.908005,14.653076
southernmagnolia,young,yes,0.000000,253.649994,11.053955
southernmagnolia,young,yes,0.000000,253.395004,1.175049
southernmagnolia,young,yes,0.000000,253.139008,2.575928
southernmagnolia,young,yes,0.000000,252.884003,7.217285
southernmagnolia,young,yes,0.000000,252.628006,9.178223
southernmagnolia,young,yes,0.000000,252.373001,2.459229
southernmagnolia,young,yes,0.000000,252.117004,7.420166
southernmagnolia,young,yes,0.000000,251.862000,4.101318
southernmagnolia,young,yes,0.000000,251.606003,6.302246
southernmagnolia,young,yes,0.000000,251.350998,13.423340
southernmagnolia,young,yes,0.000000,251.095001,5.584229
southernmagnolia,young,yes,0.000000,250.839996,11.265381
southernmagnolia,young,yes,0.000000,250.584000,12.146484
southernmagnolia,young,yes,0.000000,250.328995,0.000000
southernmagnolia,young,yes,0.000000,250.072998,10.628418
southernmagnolia,young,yes,0.000000,249.817993,12.509521
southernmagnolia,young,yes,0.000000,249.561996,22.150635
southernmagnolia,young,yes,0.000000,249.307007,8.631592
southernmagnolia,young,yes,0.000000,249.050995,3.352539
southernmagnolia,young,yes,0.000000,248.796005,9.313477
southernmagnolia,young,yes,0.000000,248.539993,9.634521
southernmagnolia,young,yes,0.000000,248.285004,7.435791
southernmagnolia,young,yes,0.000000,248.029007,18.676758
southernmagnolia,young,yes,0.000000,247.774002,7.157715
southernmagnolia,young,yes,0.000000,247.518997,3.758789
southernmagnolia,young,yes,0.000000,247.263000,15.439941
southernmagnolia,young,yes,0.000000,247.007996,3.400879
southernmagnolia,young,yes,0.000000,246.751999,11.601807
southernmagnolia,young,yes,0.000000,246.496994,9.642822
southernmagnolia,young,yes,0.000000,246.240997,4.724121
southernmagnolia,young,yes,0.000000,245.985992,0.125000
southernmagnolia,young,yes,0.000000,245.729996,1.446045
southernmagnolia,young,yes,0.000000,245.475006,0.646973
southernmagnolia,young,yes,0.000000,245.218994,4.808105
southernmagnolia,young,yes,0.000000,244.964005,12.169189
southernmagnolia,young,yes,0.000000,244.707993,14.050293
southernmagnolia,young,yes,0.000000,244.453003,13.531250
southernmagnolia,young,yes,0.000000,244.197006,10.092041
southernmagnolia,young,yes,0.000000,243.942001,16.173340
southernmagnolia,young,yes,0.000000,243.686005,14.774414
southernmagnolia,young,yes,0.000000,243.431000,1.855225
southernmagnolia,young,yes,0.000000,243.175003,6.936279
southernmagnolia,young,yes,0.000000,242.919998,5.577393
southernmagnolia,young,yes,0.000000,242.664001,4.578613
southernmagnolia,young,yes,0.000000,242.408997,0.000000
southernmagnolia,young,yes,0.000000,242.153000,8.460449
southernmagnolia,young,yes,0.000000,241.897995,6.821533
southernmagnolia,young,yes,0.000000,241.643005,13.142578
southernmagnolia,young,yes,0.000000,241.386993,11.823730
southernmagnolia,young,yes,0.000000,241.132004,16.864502
southernmagnolia,young,yes,0.000000,240.876007,5.825684
southernmagnolia,young,yes,0.000000,240.621002,6.546875
southernmagnolia,young,yes,0.000000,240.365005,8.547852
southernmagnolia,young,yes,0.000000,240.110001,12.748779
southernmagnolia,young,yes,0.000000,239.854004,14.189697
southernmagnolia,young,yes,0.000000,239.598999,10.430664
southernmagnolia,young,yes,0.000000,239.343002,19.111816
southernmagnolia,young,yes,0.000000,239.087997,7.312988
southernmagnolia,young,yes,0.000000,238.832001,13.473877
southernmagnolia,young,yes,0.000000,238.576996,6.794922
southernmagnolia,young,yes,0.000000,238.320999,0.436035
southernmagnolia,young,yes,0.000000,238.065994,8.597168
southernmagnolia,young,yes,0.000000,237.809998,5.157959
southernmagnolia,young,yes,0.000000,237.554993,8.479004
southernmagnolia,young,yes,0.000000,237.298996,12.359863
southernmagnolia,young,yes,0.000000,237.044006,8.201172
southernmagnolia,young,yes,0.000000,236.787994,14.682129
southernmagnolia,young,yes,0.000000,236.533005,3.203125
southernmagnolia,young,yes,0.000000,236.276993,8.084229
southernmagnolia,young,yes,0.000000,236.022003,13.605469
southernmagnolia,young,yes,0.000000,235.766998,8.726318
southernmagnolia,young,yes,0.000000,235.511002,10.847412
southernmagnolia,young,yes,0.000000,235.255997,0.000000
southernmagnolia,young,yes,0.000000,235.000000,7.809570
southernmagnolia,young,yes,0.000000,234.744995,10.930420
southernmagnolia,young,yes,0.000000,234.488998,20.931396
southernmagnolia,young,yes,0.000000,234.233994,8.452393
southernmagnolia,young,yes,0.000000,233.977997,10.653320
southernmagnolia,young,yes,0.000000,233.723007,9.214600
southernmagnolia,young,yes,0.000000,233.466995,2.295654
southernmagnolia,young,yes,0.000000,233.212006,6.416504
southernmagnolia,young,yes,0.000000,232.955994,19.457520
southernmagnolia,young,yes,0.000000,232.701004,17.818848
southernmagnolia,young,yes,0.000000,232.445007,13.579834
southernmagnolia,young,yes,0.000000,232.190002,9.340820
southernmagnolia,young,yes,0.000000,231.934006,10.301758
southernmagnolia,young,yes,0.000000,231.679001,10.142578
southernmagnolia,young,yes,0.000000,231.423004,4.983887
southernmagnolia,young,yes,0.000000,231.167999,8.384766
southernmagnolia,young,yes,0.000000,230.912003,4.545898
southernmagnolia,young,yes,0.000000,230.656998,13.746826
southernmagnolia,young,yes,0.000000,230.401001,20.508057
southernmagnolia,young,yes,0.000000,230.145996,12.749023
southernmagnolia,young,yes,0.000000,229.891006,13.389893
southernmagnolia,young,yes,0.000000,229.634995,0.000000
southernmagnolia,young,yes,0.000000,229.380005,4.152100
southernmagnolia,young,yes,0.000000,229.123993,0.353271
southernmagnolia,young,yes,0.000000,228.869003,5.954102
southernmagnolia,young,yes,0.000000,228.613007,4.755127
southernmagnolia,young,yes,0.000000,228.358002,5.876221
southernmagnolia,young,yes,0.000000,228.102005,7.357422
southernmagnolia,young,yes,0.000000,227.847000,6.958252
southernmagnolia,young,yes,0.000000,227.591003,1.719238
southernmagnolia,young,yes,0.000000,227.335999,4.320312
southernmagnolia,young,yes,0.000000,227.080002,2.921387
southernmagnolia,young,yes,0.000000,226.824997,0.362549
southernmagnolia,young,yes,0.000000,226.569000,5.283447
southernmagnolia,young,yes,0.000000,226.313995,4.804443
southernmagnolia,young,yes,0.000000,226.057999,16.645508
southernmagnolia,young,yes,0.000000,225.802994,5.806641
southernmagnolia,young,yes,0.000000,225.546997,7.647705
southernmagnolia,young,yes,0.000000,225.292007,0.208496
southernmagnolia,young,yes,0.000000,225.035995,1.769531
southernmagnolia,young,yes,0.000000,224.781006,4.850830
southernmagnolia,young,yes,0.000000,224.524994,0.000000
southernmagnolia,young,yes,0.000000,224.270004,5.332764
southernmagnolia,young,yes,0.000000,224.014999,11.253662
southernmagnolia,young,yes,0.000000,223.759003,10.094971
southernmagnolia,young,yes,0.000000,223.503998,7.535889
southernmagnolia,young,yes,0.000000,223.248001,0.000000
southernmagnolia,young,yes,0.000000,222.992996,14.857910
southernmagnolia,young,yes,0.000000,222.737000,6.538818
southernmagnolia,young,yes,0.000000,222.481995,3.979980
southernmagnolia,young,yes,0.000000,222.225998,5.901123
southernmagnolia,young,yes,0.000000,221.970993,5.181885
southernmagnolia,young,yes,0.000000,221.714996,11.502930
southernmagnolia,young,yes,0.000000,221.460007,14.264160
southernmagnolia,young,yes,0.000000,221.203995,10.345215
southernmagnolia,young,yes,0.000000,220.949005,12.626221
southernmagnolia,young,yes,0.000000,220.692993,10.307129
southernmagnolia,young,yes,0.000000,220.438004,11.508057
southernmagnolia,young,yes,0.000000,220.182007,8.669434
southernmagnolia,young,yes,0.000000,219.927002,2.510254
southernmagnolia,young,yes,0.000000,219.671005,2.471191
southernmagnolia,young,yes,0.000000,219.416000,5.032227
southernmagnolia,young,yes,0.000000,219.160004,1.873535
southernmagnolia,young,yes,0.000000,218.904999,3.794434
southernmagnolia,young,yes,0.000000,218.649002,9.955322
southernmagnolia,young,yes,0.000000,218.393997,9.436279
southernmagnolia,young,yes,0.000000,218.139008,0.477295
southernmagnolia,young,yes,0.000000,217.882996,8.158691
southernmagnolia,young,yes,0.000000,217.628006,0.000000
southernmagnolia,young,yes,0.000000,217.371994,1.280518
southernmagnolia,young,yes,0.000000,217.117004,9.161621
southernmagnolia,young,yes,0.000000,216.860992,0.000000
southernmagnolia,young,yes,0.000000,216.606003,2.163818
southernmagnolia,young,yes,0.000000,216.350006,4.724609
southernmagnolia,young,yes,0.000000,216.095001,7.565674
southernmagnolia,young,yes,0.000000,215.839005,11.166992
southernmagnolia,young,yes,0.000000,215.584000,0.000000
southernmagnolia,young,yes,0.000000,215.328003,12.888916
southernmagnolia,young,yes,0.000000,215.072998,3.729736
southernmagnolia,young,yes,0.000000,214.817001,0.410889
southernmagnolia,young,yes,0.000000,214.561996,12.132080
southernmagnolia,young,yes,0.000000,214.306000,4.052979
southernmagnolia,young,yes,0.000000,214.050995,2.934082
southernmagnolia,young,yes,0.000000,213.794998,8.014893
southernmagnolia,young,yes,0.000000,213.539993,2.456055
southernmagnolia,young,yes,0.000000,213.283997,0.697266
southernmagnolia,young,yes,0.000000,213.029007,1.898193
southernmagnolia,young,yes,0.000000,212.772995,10.139160
southernmagnolia,young,yes,0.000000,212.518005,12.940186
southernmagnolia,young,yes,0.000000,212.263000,15.621338
southernmagnolia,young,yes,0.000000,212.007004,4.542236
southernmagnolia,young,yes,0.000000,211.751999,2.463135
southernmagnolia,young,yes,0.000000,211.496002,7.904297
southernmagnolia,young,yes,0.000000,211.240997,9.585449
southernmagnolia,young,yes,0.000000,210.985001,0.000000
southernmagnolia,young,yes,0.000000,210.729996,2.147461
southernmagnolia,young,yes,0.000000,210.473999,5.068359
southernmagnolia,young,yes,0.000000,210.218994,11.629639
southernmagnolia,young,yes,0.000000,209.962997,7.750488
southernmagnolia,young,yes,0.000000,209.707993,7.391602
southernmagnolia,young,yes,0.000000,209.451996,7.272461
southernmagnolia,young,yes,0.000000,209.197006,9.113525
southernmagnolia,young,yes,0.000000,208.940994,9.434814
southernmagnolia,young,yes,0.000000,208.686005,19.235596
southernmagnolia,young,yes,0.000000,208.429993,9.476562
southernmagnolia,young,yes,0.000000,208.175003,11.957764
southernmagnolia,young,yes,0.000000,207.919006,7.678955
southernmagnolia,young,yes,0.000000,207.664001,9.639893
southernmagnolia,young,yes,0.000000,207.408005,14.160889
southernmagnolia,young,yes,0.000000,207.153000,8.801758
southernmagnolia,young,yes,0.000000,206.897003,9.442871
southernmagnolia,young,yes,0.000000,206.641998,9.243896
southernmagnolia,young,yes,0.000000,206.386993,4.524902
southernmagnolia,young,yes,0.000000,206.130997,3.485840
southernmagnolia,young,yes,0.000000,205.876007,6.886963
southernmagnolia,young,yes,0.000000,205.619995,9.128174
southernmagnolia,young,yes,0.000000,205.365005,4.849121
southernmagnolia,young,yes,0.000000,205.108994,9.290039
southernmagnolia,young,yes,0.000000,204.854004,6.490967
southernmagnolia,young,yes,0.000000,204.598007,13.852295
southernmagnolia,young,yes,0.000000,204.343002,4.133301
southernmagnolia,young,yes,0.000000,204.087006,3.094238
southernmagnolia,young,yes,0.000000,203.832001,8.375244
southernmagnolia,young,yes,0.000000,203.576004,0.576172
southernmagnolia,young,yes,0.000000,203.320999,2.457520
southernmagnolia,young,yes,0.000000,203.065002,14.298340
southernmagnolia,young,yes,0.000000,202.809998,8.139404
southernmagnolia,young,yes,0.000000,202.554001,6.620361
southernmagnolia,young,yes,0.000000,202.298996,11.181641
southernmagnolia,young,yes,0.000000,202.042999,12.342529
southernmagnolia,young,yes,0.000000,201.787994,2.623535
southernmagnolia,young,yes,0.000000,201.531998,12.704590
southernmagnolia,young,yes,0.000000,201.276993,9.985596
southernmagnolia,young,yes,0.000000,201.020996,2.266602
southernmagnolia,young,yes,0.000000,200.766006,12.107666
southernmagnolia,young,yes,0.000000,200.511002,7.508545
southernmagnolia,young,yes,0.000000,200.255005,13.869629
southernmagnolia,young,yes,0.000000,200.000000,0.670898
southernmagnolia,young,yes,0.000000,199.744003,0.000000
southernmagnolia,young,yes,0.000000,199.488998,4.312744
southernmagnolia,young,yes,0.000000,199.233002,6.913818
southernmagnolia,young,yes,0.000000,198.977997,14.955078
southernmagnolia,young,yes,0.000000,198.722000,9.395996
southernmagnolia,young,yes,0.000000,198.466995,9.596924
southernmagnolia,young,yes,0.000000,198.210999,11.837891
southernmagnolia,young,yes,0.000000,197.955994,3.158936
southernmagnolia,young,yes,0.000000,197.699997,0.000000
southernmagnolia,young,yes,0.000000,197.445007,1.201172
southernmagnolia,young,yes,0.000000,197.188995,9.322021
southernmagnolia,young,yes,0.000000,196.934006,8.603027
southernmagnolia,young,yes,0.000000,196.677994,9.444336
southernmagnolia,young,yes,0.000000,196.423004,14.565186
southernmagnolia,young,yes,0.000000,196.167007,11.446289
southernmagnolia,young,yes,0.000000,195.912003,1.767334
southernmagnolia,young,yes,0.000000,195.656006,4.288086
southernmagnolia,young,yes,0.000000,195.401001,6.129395
southernmagnolia,young,yes,0.000000,195.145004,0.130371
southernmagnolia,young,yes,0.000000,194.889999,1.531250
southernmagnolia,young,yes,0.000000,194.634995,18.692383
southernmagnolia,young,yes,0.000000,194.378998,9.173584
southernmagnolia,young,yes,0.000000,194.123993,9.014648
southernmagnolia,young,yes,0.000000,193.867996,13.975586
southernmagnolia,young,yes,0.000000,193.613007,11.816406
southernmagnolia,young,yes,0.000000,193.356995,27.217773
southernmagnolia,young,yes,0.000000,193.102005,9.098633
southernmagnolia,young,yes,0.000000,192.845993,13.619629
southernmagnolia,young,yes,0.000000,192.591003,7.700684
southernmagnolia,young,yes,0.000000,192.335007,4.941650
southernmagnolia,young,yes,0.000000,192.080002,2.462891
southernmagnolia,young,yes,0.000000,191.824005,0.000000
southernmagnolia,young,yes,0.000000,191.569000,12.264893
southernmagnolia,young,yes,0.000000,191.313004,2.265869
southernmagnolia,young,yes,0.000000,191.057999,4.467041
southernmagnolia,young,yes,0.000000,190.802002,16.508057
southernmagnolia,young,yes,0.000000,190.546997,8.509033
southernmagnolia,young,yes,0.000000,190.291000,14.709961
southernmagnolia,young,yes,0.000000,190.035995,8.070801
southernmagnolia,young,yes,0.000000,189.779999,0.000000
southernmagnolia,young,yes,0.000000,189.524994,4.673096
southernmagnolia,young,yes,0.000000,189.268997,14.034180
southernmagnolia,young,yes,0.000000,189.014008,9.354980
southernmagnolia,young,yes,0.000000,188.759003,11.476318
southernmagnolia,young,yes,0.000000,188.503006,6.797363
southernmagnolia,young,yes,0.000000,188.248001,6.438232
southernmagnolia,young,yes,0.000000,187.992004,4.719238
southernmagnolia,young,yes,0.000000,187.737000,13.240234
southernmagnolia,young,yes,0.000000,187.481003,9.361328
southernmagnolia,young,yes,0.000000,187.225998,5.002441
southernmagnolia,young,yes,0.000000,186.970001,16.323242
southernmagnolia,young,yes,0.000000,186.714996,6.804443
southernmagnolia,young,yes,0.000000,186.459000,6.645508
southernmagnolia,young,yes,0.000000,186.203995,3.806641
southernmagnolia,young,yes,0.000000,185.947998,5.207520
southernmagnolia,young,yes,0.000000,185.692993,3.128418
southernmagnolia,young,yes,0.000000,185.436996,9.049805
southernmagnolia,young,yes,0.000000,185.182007,11.330566
southernmagnolia,young,yes,0.000000,184.925995,4.211670
southernmagnolia,young,yes,0.000000,184.671005,7.172607
southernmagnolia,young,yes,0.000000,184.414993,5.893555
southernmagnolia,young,yes,0.000000,184.160004,7.574707
southernmagnolia,young,yes,0.000000,183.904007,9.095703
southernmagnolia,young,yes,0.000000,183.649002,3.856689
southernmagnolia,young,yes,0.000000,183.393005,8.817871
southernmagnolia,young,yes,0.000000,183.138000,13.938965
southernmagnolia,young,yes,0.000000,182.882996,9.060059
southernmagnolia,young,yes,0.000000,182.626999,3.061035
southernmagnolia,young,yes,0.000000,182.371994,3.302002
southernmagnolia,young,yes,0.000000,182.115997,10.782959
southernmagnolia,young,yes,0.000000,181.860992,8.343994
southernmagnolia,young,yes,0.000000,181.604996,8.425049
southernmagnolia,young,yes,0.000000,181.350006,4.306152
southernmagnolia,young,yes,0.000000,181.093994,7.787109
southernmagnolia,young,yes,0.000000,180.839005,8.028320
southernmagnolia,young,yes,0.000000,180.582993,6.029297
southernmagnolia,young,yes,0.000000,180.328003,12.270264
southernmagnolia,young,yes,0.000000,180.072006,3.511230
southernmagnolia,young,yes,0.000000,179.817001,0.112305
southernmagnolia,young,yes,0.000000,179.561005,8.953369
southernmagnolia,young,yes,0.000000,179.306000,7.354248
southernmagnolia,young,yes,0.000000,179.050003,10.475342
southernmagnolia,young,yes,0.000000,178.794998,9.076416
southernmagnolia,young,yes,0.000000,178.539001,0.000000
southernmagnolia,young,yes,0.000000,178.283997,4.438477
southernmagnolia,young,yes,0.000000,178.028000,5.919434
southernmagnolia,young,yes,0.000000,177.772995,4.320557
southernmagnolia,young,yes,0.000000,177.516998,19.721680
southernmagnolia,young,yes,0.000000,177.261993,20.042725
southernmagnolia,young,yes,0.000000,177.007004,9.043701
southernmagnolia,young,yes,0.000000,176.751007,8.964600
southernmagnolia,young,yes,0.000000,176.496002,3.565674
southernmagnolia,young,yes,0.000000,0.000000,8.286865
southernmagnolia,young,yes,0.000000,0.000000,7.247803
southernmagnolia,young,yes,0.000000,0.000000,3.968750
southernmagnolia,young,yes,0.000000,0.000000,7.689697
southernmagnolia,young,yes,0.000000,0.000000,3.370850
southernmagnolia,young,yes,0.000000,0.000000,9.731934
southernmagnolia,young,yes,0.000000,0.000000,7.132812
southernmagnolia,young,yes,0.000000,0.000000,10.893799
southernmagnolia,young,yes,0.000000,0.000000,7.935059
southernmagnolia,young,yes,0.000000,0.000000,15.135986
southernmagnolia,young,yes,0.000000,0.000000,11.737061
southernmagnolia,young,yes,0.000000,0.000000,10.177979
southernmagnolia,young,yes,0.000000,0.000000,3.898926
southernmagnolia,young,yes,0.000000,0.000000,8.380127
southernmagnolia,young,yes,0.000000,0.000000,4.261230
southernmagnolia,young,yes,0.000000,0.000000,4.582275
southernmagnolia,young,yes,0.000000,0.000000,19.023193
southernmagnolia,young,yes,0.000000,0.000000,1.384277
southernmagnolia,young,yes,0.000000,0.000000,3.425293
southernmagnolia,young,yes,0.000000,0.000000,11.906250
southernmagnolia,young,yes,0.000000,0.000000,8.427246
southernmagnolia,young,yes,0.000000,0.000000,9.908203
southernmagnolia,young,yes,0.000000,0.000000,4.589600
southernmagnolia,young,yes,0.000000,0.000000,6.510498
southernmagnolia,young,yes,0.000000,0.000000,12.831543
southernmagnolia,young,yes,0.000000,0.000000,10.032471
southernmagnolia,young,yes,0.000000,0.000000,5.273682
southernmagnolia,young,yes,0.000000,0.000000,5.834717
southernmagnolia,young,yes,0.000000,0.000000,2.995605
southernmagnolia,young,yes,0.000000,0.000000,12.516602
southernmagnolia,young,yes,0.000000,0.000000,9.397705
southernmagnolia,young,yes,0.000000,0.000000,14.878906
southernmagnolia,young,yes,0.000000,0.000000,6.359863
southernmagnolia,young,yes,0.000000,0.000000,0.920654
southernmagnolia,young,yes,0.000000,0.000000,0.000000
southernmagnolia,young,yes,0.000000,0.000000,0.000000
southernmagnolia,young,yes,0.000000,0.000000,9.083984
southernmagnolia,young,yes,0.000000,0.000000,0.000000
southernmagnolia,young,yes,0.000000,0.000000,2.285889
southernmagnolia,young,yes,0.000000,0.000000,0.607178
southernmagnolia,young,yes,0.000000,0.000000,0.000000
