Subject,Subtype,Healthy,Sent Wavelength,Returned Wavelength,Returned Intensity
EggPlant,young,yes,0.000000,1233.788940,16.249756
EggPlant,young,yes,0.000000,1233.463989,10.889160
EggPlant,young,yes,0.000000,1233.139038,0.000000
EggPlant,young,yes,0.000000,1232.813965,0.000000
EggPlant,young,yes,0.000000,1232.489014,1.847900
EggPlant,young,yes,0.000000,1232.163940,0.000000
EggPlant,young,yes,0.000000,1231.839966,3.687012
EggPlant,young,yes,0.000000,1231.515015,3.886475
EggPlant,young,yes,0.000000,1231.189941,2.726318
EggPlant,young,yes,0.000000,1230.864990,0.000000
EggPlant,young,yes,0.000000,1230.540039,3.525391
EggPlant,young,yes,0.000000,1230.214966,2.044922
EggPlant,young,yes,0.000000,1229.890015,0.000000
EggPlant,young,yes,0.000000,1229.564941,0.000000
EggPlant,young,yes,0.000000,1229.239990,0.000000
EggPlant,young,yes,0.000000,1228.916016,0.000000
EggPlant,young,yes,0.000000,1228.590942,0.602539
EggPlant,young,yes,0.000000,1228.265991,14.442139
EggPlant,young,yes,0.000000,1227.941040,18.481934
EggPlant,young,yes,0.000000,1227.615967,17.841309
EggPlant,young,yes,0.000000,1227.291016,12.320801
EggPlant,young,yes,0.000000,1226.965942,0.000000
EggPlant,young,yes,0.000000,1226.640991,12.439941
EggPlant,young,yes,0.000000,1226.317017,6.839600
EggPlant,young,yes,0.000000,1225.991943,0.359131
EggPlant,young,yes,0.000000,1225.666992,0.000000
EggPlant,young,yes,0.000000,1225.342041,0.598145
EggPlant,young,yes,0.000000,1225.016968,7.517822
EggPlant,young,yes,0.000000,1224.692017,5.957520
EggPlant,young,yes,0.000000,1224.366943,7.957031
EggPlant,young,yes,0.000000,1224.041992,11.596436
EggPlant,young,yes,0.000000,1223.717041,6.355957
EggPlant,young,yes,0.000000,1223.392944,14.755615
EggPlant,young,yes,0.000000,1223.067993,0.000000
EggPlant,young,yes,0.000000,1222.743042,5.354736
EggPlant,young,yes,0.000000,1222.417969,3.274414
EggPlant,young,yes,0.000000,1222.093018,5.113770
EggPlant,young,yes,0.000000,1221.767944,7.993408
EggPlant,young,yes,0.000000,1221.442993,14.473145
EggPlant,young,yes,0.000000,1221.118042,0.552734
EggPlant,young,yes,0.000000,1220.793945,11.392090
EggPlant,young,yes,0.000000,1220.468994,7.631592
EggPlant,young,yes,0.000000,1220.144043,4.671143
EggPlant,young,yes,0.000000,1219.818970,6.310791
EggPlant,young,yes,0.000000,1219.494019,0.000000
EggPlant,young,yes,0.000000,1219.168945,12.229980
EggPlant,young,yes,0.000000,1218.843994,14.069336
EggPlant,young,yes,0.000000,1218.519043,13.149170
EggPlant,young,yes,0.000000,1218.193970,0.000000
EggPlant,young,yes,0.000000,1217.869995,9.868164
EggPlant,young,yes,0.000000,1217.545044,9.147705
EggPlant,young,yes,0.000000,1217.219971,0.000000
EggPlant,young,yes,0.000000,1216.895020,0.306885
EggPlant,young,yes,0.000000,1216.569946,0.000000
EggPlant,young,yes,0.000000,1216.244995,5.625977
EggPlant,young,yes,0.000000,1215.920044,5.145508
EggPlant,young,yes,0.000000,1215.594971,2.665039
EggPlant,young,yes,0.000000,1215.270996,0.464844
EggPlant,young,yes,0.000000,1214.946045,11.864258
EggPlant,young,yes,0.000000,1214.620972,3.223877
EggPlant,young,yes,0.000000,1214.296021,5.183350
EggPlant,young,yes,0.000000,1213.970947,0.000000
EggPlant,young,yes,0.000000,1213.645996,2.902588
EggPlant,young,yes,0.000000,1213.321045,7.382080
EggPlant,young,yes,0.000000,1212.995972,0.000000
EggPlant,young,yes,0.000000,1212.671021,11.381104
EggPlant,young,yes,0.000000,1212.347046,8.260742
EggPlant,young,yes,0.000000,1212.021973,0.000000
EggPlant,young,yes,0.000000,1211.697021,9.500000
EggPlant,young,yes,0.000000,1211.371948,5.659424
EggPlant,young,yes,0.000000,1211.046997,3.898926
EggPlant,young,yes,0.000000,1210.722046,6.618408
EggPlant,young,yes,0.000000,1210.396973,2.298096
EggPlant,young,yes,0.000000,1210.072021,6.217773
EggPlant,young,yes,0.000000,1209.746948,7.577148
EggPlant,young,yes,0.000000,1209.422974,5.656738
EggPlant,young,yes,0.000000,1209.098022,7.216309
EggPlant,young,yes,0.000000,1208.772949,5.295898
EggPlant,young,yes,0.000000,1208.447998,6.095459
EggPlant,young,yes,0.000000,1208.123047,0.000000
EggPlant,young,yes,0.000000,1207.797974,5.174561
EggPlant,young,yes,0.000000,1207.473022,0.000000
EggPlant,young,yes,0.000000,1207.147949,0.000000
EggPlant,young,yes,0.000000,1206.823975,4.653320
EggPlant,young,yes,0.000000,1206.499023,10.652832
EggPlant,young,yes,0.000000,1206.173950,6.732422
EggPlant,young,yes,0.000000,1205.848999,13.491943
EggPlant,young,yes,0.000000,1205.524048,13.571533
EggPlant,young,yes,0.000000,1205.198975,15.531250
EggPlant,young,yes,0.000000,1204.874023,6.370605
EggPlant,young,yes,0.000000,1204.548950,9.450195
EggPlant,young,yes,0.000000,1204.223999,13.889648
EggPlant,young,yes,0.000000,1203.900024,5.129395
EggPlant,young,yes,0.000000,1203.574951,3.968994
EggPlant,young,yes,0.000000,1203.250000,0.000000
EggPlant,young,yes,0.000000,1202.925049,4.248047
EggPlant,young,yes,0.000000,1202.599976,3.087402
EggPlant,young,yes,0.000000,1202.275024,3.887207
EggPlant,young,yes,0.000000,1201.949951,8.726807
EggPlant,young,yes,0.000000,1201.625000,16.806152
EggPlant,young,yes,0.000000,1201.301025,7.765869
EggPlant,young,yes,0.000000,1200.975952,3.245361
EggPlant,young,yes,0.000000,1200.651001,7.965088
EggPlant,young,yes,0.000000,1200.326050,6.724609
EggPlant,young,yes,0.000000,1200.000977,1.803955
EggPlant,young,yes,0.000000,1199.676025,12.123535
EggPlant,young,yes,0.000000,1199.350952,1.763184
EggPlant,young,yes,0.000000,1199.026001,2.882812
EggPlant,young,yes,0.000000,1198.701050,7.882324
EggPlant,young,yes,0.000000,1198.376953,9.481934
EggPlant,young,yes,0.000000,1198.052002,5.241455
EggPlant,young,yes,0.000000,1197.727051,9.560791
EggPlant,young,yes,0.000000,1197.401978,2.720703
EggPlant,young,yes,0.000000,1197.077026,0.680176
EggPlant,young,yes,0.000000,1196.751953,1.439697
EggPlant,young,yes,0.000000,1196.427002,9.279053
EggPlant,young,yes,0.000000,1196.102051,3.158691
EggPlant,young,yes,0.000000,1195.777954,11.558350
EggPlant,young,yes,0.000000,1195.453003,0.000000
EggPlant,young,yes,0.000000,1195.128052,18.957520
EggPlant,young,yes,0.000000,1194.802979,11.836914
EggPlant,young,yes,0.000000,1194.478027,2.036377
EggPlant,young,yes,0.000000,1194.152954,6.036133
EggPlant,young,yes,0.000000,1193.828003,4.475830
EggPlant,young,yes,0.000000,1193.503052,0.000000
EggPlant,young,yes,0.000000,1193.177979,5.234863
EggPlant,young,yes,0.000000,1192.854004,3.354248
EggPlant,young,yes,0.000000,1192.529053,0.874023
EggPlant,young,yes,0.000000,1192.203979,8.233643
EggPlant,young,yes,0.000000,1191.879028,14.593018
EggPlant,young,yes,0.000000,1191.553955,13.952637
EggPlant,young,yes,0.000000,1191.229004,6.752197
EggPlant,young,yes,0.000000,1190.904053,10.751953
EggPlant,young,yes,0.000000,1190.578979,2.911377
EggPlant,young,yes,0.000000,1190.255005,5.070801
EggPlant,young,yes,0.000000,1189.930054,8.590332
EggPlant,young,yes,0.000000,1189.604980,9.710205
EggPlant,young,yes,0.000000,1189.280029,6.189697
EggPlant,young,yes,0.000000,1188.954956,10.069092
EggPlant,young,yes,0.000000,1188.630005,5.028564
EggPlant,young,yes,0.000000,1188.305054,11.908203
EggPlant,young,yes,0.000000,1187.979980,2.827881
EggPlant,young,yes,0.000000,1187.655029,0.667480
EggPlant,young,yes,0.000000,1187.331055,9.747070
EggPlant,young,yes,0.000000,1187.005981,2.506592
EggPlant,young,yes,0.000000,1186.681030,10.906006
EggPlant,young,yes,0.000000,1186.355957,5.145752
EggPlant,young,yes,0.000000,1186.031006,16.065186
EggPlant,young,yes,0.000000,1185.706055,14.344727
EggPlant,young,yes,0.000000,1185.380981,7.304199
EggPlant,young,yes,0.000000,1185.056030,10.143799
EggPlant,young,yes,0.000000,1184.732056,4.343506
EggPlant,young,yes,0.000000,1184.406982,10.463135
EggPlant,young,yes,0.000000,1184.082031,5.422607
EggPlant,young,yes,0.000000,1183.756958,7.062012
EggPlant,young,yes,0.000000,1183.432007,7.821533
EggPlant,young,yes,0.000000,1183.107056,4.941406
EggPlant,young,yes,0.000000,1182.781982,4.060791
EggPlant,young,yes,0.000000,1182.457031,10.900391
EggPlant,young,yes,0.000000,1182.131958,2.379883
EggPlant,young,yes,0.000000,1181.807983,3.179443
EggPlant,young,yes,0.000000,1181.483032,9.179199
EggPlant,young,yes,0.000000,1181.157959,1.658691
EggPlant,young,yes,0.000000,1180.833008,11.258057
EggPlant,young,yes,0.000000,1180.508057,12.577637
EggPlant,young,yes,0.000000,1180.182983,3.497314
EggPlant,young,yes,0.000000,1179.858032,7.096924
EggPlant,young,yes,0.000000,1179.532959,12.936523
EggPlant,young,yes,0.000000,1179.208984,8.535889
EggPlant,young,yes,0.000000,1178.884033,5.135498
EggPlant,young,yes,0.000000,1178.558960,5.935059
EggPlant,young,yes,0.000000,1178.234009,16.014648
EggPlant,young,yes,0.000000,1177.909058,7.534180
EggPlant,young,yes,0.000000,1177.583984,10.373779
EggPlant,young,yes,0.000000,1177.259033,3.133301
EggPlant,young,yes,0.000000,1176.933960,7.452881
EggPlant,young,yes,0.000000,1176.609009,8.692627
EggPlant,young,yes,0.000000,1176.285034,10.291992
EggPlant,young,yes,0.000000,1175.959961,5.211670
EggPlant,young,yes,0.000000,1175.635010,3.091064
EggPlant,young,yes,0.000000,1175.310059,10.530518
EggPlant,young,yes,0.000000,1174.984985,2.370361
EggPlant,young,yes,0.000000,1174.660034,3.849854
EggPlant,young,yes,0.000000,1174.334961,1.329346
EggPlant,young,yes,0.000000,1174.010010,0.528809
EggPlant,young,yes,0.000000,1173.686035,11.088379
EggPlant,young,yes,0.000000,1173.360962,6.888184
EggPlant,young,yes,0.000000,1173.036011,8.687744
EggPlant,young,yes,0.000000,1172.711060,4.887207
EggPlant,young,yes,0.000000,1172.385986,4.966797
EggPlant,young,yes,0.000000,1172.061035,4.486328
EggPlant,young,yes,0.000000,1171.735962,4.885986
EggPlant,young,yes,0.000000,1171.411011,7.885498
EggPlant,young,yes,0.000000,1171.086060,5.125000
EggPlant,young,yes,0.000000,1170.761963,0.000000
EggPlant,young,yes,0.000000,1170.437012,7.684082
EggPlant,young,yes,0.000000,1170.112061,4.283691
EggPlant,young,yes,0.000000,1169.786987,1.243164
EggPlant,young,yes,0.000000,1169.462036,8.642822
EggPlant,young,yes,0.000000,1169.136963,5.122314
EggPlant,young,yes,0.000000,1168.812012,0.000000
EggPlant,young,yes,0.000000,1168.487061,0.281494
EggPlant,young,yes,0.000000,1168.162964,10.681152
EggPlant,young,yes,0.000000,1167.838013,8.760498
EggPlant,young,yes,0.000000,1167.512939,12.640137
EggPlant,young,yes,0.000000,1167.187988,9.919678
EggPlant,young,yes,0.000000,1166.863037,3.999268
EggPlant,young,yes,0.000000,1166.537964,1.438965
EggPlant,young,yes,0.000000,1166.213013,11.638428
EggPlant,young,yes,0.000000,1165.887939,19.478027
EggPlant,young,yes,0.000000,1165.562988,13.077393
EggPlant,young,yes,0.000000,1165.239014,9.557129
EggPlant,young,yes,0.000000,1164.913940,11.556641
EggPlant,young,yes,0.000000,1164.588989,10.916260
EggPlant,young,yes,0.000000,1164.264038,13.715820
EggPlant,young,yes,0.000000,1163.938965,2.515137
EggPlant,young,yes,0.000000,1163.614014,13.915039
EggPlant,young,yes,0.000000,1163.288940,9.794434
EggPlant,young,yes,0.000000,1162.963989,8.634033
EggPlant,young,yes,0.000000,1162.640015,2.633545
EggPlant,young,yes,0.000000,1162.314941,9.473145
EggPlant,young,yes,0.000000,1161.989990,13.872803
EggPlant,young,yes,0.000000,1161.665039,6.792236
EggPlant,young,yes,0.000000,1161.339966,3.711914
EggPlant,young,yes,0.000000,1161.015015,9.871338
EggPlant,young,yes,0.000000,1160.689941,14.030762
EggPlant,young,yes,0.000000,1160.364990,4.670654
EggPlant,young,yes,0.000000,1160.040039,5.630127
EggPlant,young,yes,0.000000,1159.715942,10.349609
EggPlant,young,yes,0.000000,1159.390991,5.189209
EggPlant,young,yes,0.000000,1159.066040,9.108887
EggPlant,young,yes,0.000000,1158.740967,5.068359
EggPlant,young,yes,0.000000,1158.416016,1.947998
EggPlant,young,yes,0.000000,1158.090942,1.987305
EggPlant,young,yes,0.000000,1157.765991,7.306885
EggPlant,young,yes,0.000000,1157.441040,4.626709
EggPlant,young,yes,0.000000,1157.116943,10.706299
EggPlant,young,yes,0.000000,1156.791992,5.425781
EggPlant,young,yes,0.000000,1156.467041,0.705322
EggPlant,young,yes,0.000000,1156.141968,0.000000
EggPlant,young,yes,0.000000,1155.817017,0.584473
EggPlant,young,yes,0.000000,1155.491943,5.063965
EggPlant,young,yes,0.000000,1155.166992,5.663574
EggPlant,young,yes,0.000000,1154.842041,6.943115
EggPlant,young,yes,0.000000,1154.516968,0.000000
EggPlant,young,yes,0.000000,1154.192993,14.502197
EggPlant,young,yes,0.000000,1153.868042,0.000000
EggPlant,young,yes,0.000000,1153.542969,0.000000
EggPlant,young,yes,0.000000,1153.218018,7.940918
EggPlant,young,yes,0.000000,1152.892944,1.900391
EggPlant,young,yes,0.000000,1152.567993,14.060059
EggPlant,young,yes,0.000000,1152.243042,8.979492
EggPlant,young,yes,0.000000,1151.917969,7.218994
EggPlant,young,yes,0.000000,1151.593994,5.858643
EggPlant,young,yes,0.000000,1151.269043,0.000000
EggPlant,young,yes,0.000000,1150.943970,6.297852
EggPlant,young,yes,0.000000,1150.619019,12.537354
EggPlant,young,yes,0.000000,1150.293945,12.937012
EggPlant,young,yes,0.000000,1149.968994,11.456543
EggPlant,young,yes,0.000000,1149.644043,6.495850
EggPlant,young,yes,0.000000,1149.318970,3.895752
EggPlant,young,yes,0.000000,1148.994019,3.095215
EggPlant,young,yes,0.000000,1148.670044,7.294678
EggPlant,young,yes,0.000000,1148.344971,0.000000
EggPlant,young,yes,0.000000,1148.020020,6.533691
EggPlant,young,yes,0.000000,1147.694946,2.613525
EggPlant,young,yes,0.000000,1147.369995,7.812988
EggPlant,young,yes,0.000000,1147.045044,9.252441
EggPlant,young,yes,0.000000,1146.719971,9.011963
EggPlant,young,yes,0.000000,1146.395020,13.331543
EggPlant,young,yes,0.000000,1146.071045,13.611328
EggPlant,young,yes,0.000000,1145.745972,4.170898
EggPlant,young,yes,0.000000,1145.421021,9.250244
EggPlant,young,yes,0.000000,1145.095947,3.169922
EggPlant,young,yes,0.000000,1144.770996,2.249268
EggPlant,young,yes,0.000000,1144.446045,7.729004
EggPlant,young,yes,0.000000,1144.120972,12.448730
EggPlant,young,yes,0.000000,1143.796021,0.688232
EggPlant,young,yes,0.000000,1143.470947,0.087646
EggPlant,young,yes,0.000000,1143.146973,2.087158
EggPlant,young,yes,0.000000,1142.822021,10.126953
EggPlant,young,yes,0.000000,1142.496948,2.206299
EggPlant,young,yes,0.000000,1142.171997,5.845947
EggPlant,young,yes,0.000000,1141.847046,2.325439
EggPlant,young,yes,0.000000,1141.521973,11.885010
EggPlant,young,yes,0.000000,1141.197021,3.404785
EggPlant,young,yes,0.000000,1140.871948,9.404297
EggPlant,young,yes,0.000000,1140.547974,2.963623
EggPlant,young,yes,0.000000,1140.223022,0.000000
EggPlant,young,yes,0.000000,1139.897949,6.282715
EggPlant,young,yes,0.000000,1139.572998,8.642578
EggPlant,young,yes,0.000000,1139.248047,9.761963
EggPlant,young,yes,0.000000,1138.922974,7.041504
EggPlant,young,yes,0.000000,1138.598022,16.960938
EggPlant,young,yes,0.000000,1138.272949,4.000488
EggPlant,young,yes,0.000000,1137.947998,1.920410
EggPlant,young,yes,0.000000,1137.624023,3.519775
EggPlant,young,yes,0.000000,1137.298950,6.719238
EggPlant,young,yes,0.000000,1136.973999,13.638916
EggPlant,young,yes,0.000000,1136.649048,9.798340
EggPlant,young,yes,0.000000,1136.323975,6.238037
EggPlant,young,yes,0.000000,1135.999023,5.517578
EggPlant,young,yes,0.000000,1135.673950,5.917236
EggPlant,young,yes,0.000000,1135.348999,4.836670
EggPlant,young,yes,0.000000,1135.025024,3.356201
EggPlant,young,yes,0.000000,1134.699951,0.000000
EggPlant,young,yes,0.000000,1134.375000,5.595459
EggPlant,young,yes,0.000000,1134.050049,5.354980
EggPlant,young,yes,0.000000,1133.724976,6.554443
EggPlant,young,yes,0.000000,1133.400024,1.073975
EggPlant,young,yes,0.000000,1133.074951,0.000000
EggPlant,young,yes,0.000000,1132.750000,0.000000
EggPlant,young,yes,0.000000,1132.425049,9.672852
EggPlant,young,yes,0.000000,1132.100952,7.472168
EggPlant,young,yes,0.000000,1131.776001,7.591797
EggPlant,young,yes,0.000000,1131.451050,5.831543
EggPlant,young,yes,0.000000,1131.125977,5.351074
EggPlant,young,yes,0.000000,1130.801025,2.510498
EggPlant,young,yes,0.000000,1130.475952,0.000000
EggPlant,young,yes,0.000000,1130.151001,0.000000
EggPlant,young,yes,0.000000,1129.826050,10.189209
EggPlant,young,yes,0.000000,1129.501953,13.948730
EggPlant,young,yes,0.000000,1129.177002,0.000000
EggPlant,young,yes,0.000000,1128.852051,9.387939
EggPlant,young,yes,0.000000,1128.526978,3.347656
EggPlant,young,yes,0.000000,1128.202026,0.000000
EggPlant,young,yes,0.000000,1127.876953,0.000000
EggPlant,young,yes,0.000000,1127.552002,8.826172
EggPlant,young,yes,0.000000,1127.227051,0.705566
EggPlant,young,yes,0.000000,1126.901978,0.000000
EggPlant,young,yes,0.000000,1126.578003,4.104980
EggPlant,young,yes,0.000000,1126.253052,0.000000
EggPlant,young,yes,0.000000,1125.927979,6.063965
EggPlant,young,yes,0.000000,1125.603027,4.223389
EggPlant,young,yes,0.000000,1125.277954,4.303223
EggPlant,young,yes,0.000000,1124.953003,7.582764
EggPlant,young,yes,0.000000,1124.628052,9.022217
EggPlant,young,yes,0.000000,1124.302979,13.701660
EggPlant,young,yes,0.000000,1123.978027,1.461182
EggPlant,young,yes,0.000000,1123.654053,0.000000
EggPlant,young,yes,0.000000,1123.328979,10.100586
EggPlant,young,yes,0.000000,1123.004028,3.979980
EggPlant,young,yes,0.000000,1122.678955,4.459473
EggPlant,young,yes,0.000000,1122.354004,0.000000
EggPlant,young,yes,0.000000,1122.029053,0.000000
EggPlant,young,yes,0.000000,1121.703979,9.858398
EggPlant,young,yes,0.000000,1121.379028,0.000000
EggPlant,young,yes,0.000000,1121.055054,1.457275
EggPlant,young,yes,0.000000,1120.729980,0.000000
EggPlant,young,yes,0.000000,1120.405029,6.456543
EggPlant,young,yes,0.000000,1120.079956,6.536133
EggPlant,young,yes,0.000000,1119.755005,11.695557
EggPlant,young,yes,0.000000,1119.430054,9.295166
EggPlant,young,yes,0.000000,1119.104980,0.000000
EggPlant,young,yes,0.000000,1118.780029,7.254395
EggPlant,young,yes,0.000000,1118.454956,0.000000
EggPlant,young,yes,0.000000,1118.130981,7.693359
EggPlant,young,yes,0.000000,1117.806030,3.012939
EggPlant,young,yes,0.000000,1117.480957,0.000000
EggPlant,young,yes,0.000000,1117.156006,6.492188
EggPlant,young,yes,0.000000,1116.831055,7.451660
EggPlant,young,yes,0.000000,1116.505981,10.011230
EggPlant,young,yes,0.000000,1116.181030,4.530762
EggPlant,young,yes,0.000000,1115.855957,6.970215
EggPlant,young,yes,0.000000,1115.531982,1.250000
EggPlant,young,yes,0.000000,1115.207031,0.000000
EggPlant,young,yes,0.000000,1114.881958,11.809082
EggPlant,young,yes,0.000000,1114.557007,3.448486
EggPlant,young,yes,0.000000,1114.232056,0.808105
EggPlant,young,yes,0.000000,1113.906982,5.087891
EggPlant,young,yes,0.000000,1113.582031,9.807373
EggPlant,young,yes,0.000000,1113.256958,4.006836
EggPlant,young,yes,0.000000,1112.932007,5.006348
EggPlant,young,yes,0.000000,1112.608032,4.805908
EggPlant,young,yes,0.000000,1112.282959,10.125732
EggPlant,young,yes,0.000000,1111.958008,0.565186
EggPlant,young,yes,0.000000,1111.633057,2.084717
EggPlant,young,yes,0.000000,1111.307983,3.284180
EggPlant,young,yes,0.000000,1110.983032,10.003662
EggPlant,young,yes,0.000000,1110.657959,7.523438
EggPlant,young,yes,0.000000,1110.333008,6.802979
EggPlant,young,yes,0.000000,1110.009033,3.682373
EggPlant,young,yes,0.000000,1109.683960,8.802002
EggPlant,young,yes,0.000000,1109.359009,14.721436
EggPlant,young,yes,0.000000,1109.034058,2.401367
EggPlant,young,yes,0.000000,1108.708984,6.720703
EggPlant,young,yes,0.000000,1108.384033,7.840332
EggPlant,young,yes,0.000000,1108.058960,6.359863
EggPlant,young,yes,0.000000,1107.734009,1.959229
EggPlant,young,yes,0.000000,1107.409058,5.599121
EggPlant,young,yes,0.000000,1107.084961,0.000000
EggPlant,young,yes,0.000000,1106.760010,0.518066
EggPlant,young,yes,0.000000,1106.435059,3.237549
EggPlant,young,yes,0.000000,1106.109985,3.997070
EggPlant,young,yes,0.000000,1105.785034,0.000000
EggPlant,young,yes,0.000000,1105.459961,4.436279
EggPlant,young,yes,0.000000,1105.135010,14.515869
EggPlant,young,yes,0.000000,1104.810059,10.675293
EggPlant,young,yes,0.000000,1104.485962,11.474854
EggPlant,young,yes,0.000000,1104.161011,17.954590
EggPlant,young,yes,0.000000,1103.836060,8.754150
EggPlant,young,yes,0.000000,1103.510986,0.000000
EggPlant,young,yes,0.000000,1103.186035,13.313232
EggPlant,young,yes,0.000000,1102.860962,12.352783
EggPlant,young,yes,0.000000,1102.536011,13.872559
EggPlant,young,yes,0.000000,1102.211060,4.552002
EggPlant,young,yes,0.000000,1101.885986,0.000000
EggPlant,young,yes,0.000000,1101.562012,16.510986
EggPlant,young,yes,0.000000,1101.237061,13.190674
EggPlant,young,yes,0.000000,1100.911987,9.830322
EggPlant,young,yes,0.000000,1100.587036,8.909668
EggPlant,young,yes,0.000000,1100.261963,5.989258
EggPlant,young,yes,0.000000,1099.937012,14.708740
EggPlant,young,yes,0.000000,1099.612061,7.468506
EggPlant,young,yes,0.000000,1099.286987,0.000000
EggPlant,young,yes,0.000000,1098.963013,6.067627
EggPlant,young,yes,0.000000,1098.637939,5.827148
EggPlant,young,yes,0.000000,1098.312988,0.000000
EggPlant,young,yes,0.000000,1097.988037,13.546387
EggPlant,young,yes,0.000000,1097.662964,1.825928
EggPlant,young,yes,0.000000,1097.338013,7.345459
EggPlant,young,yes,0.000000,1097.012939,9.584961
EggPlant,young,yes,0.000000,1096.687988,3.184326
EggPlant,young,yes,0.000000,1096.363037,0.000000
EggPlant,young,yes,0.000000,1096.038940,2.383789
EggPlant,young,yes,0.000000,1095.713989,3.543213
EggPlant,young,yes,0.000000,1095.389038,11.182617
EggPlant,young,yes,0.000000,1095.063965,2.502197
EggPlant,young,yes,0.000000,1094.739014,1.062012
EggPlant,young,yes,0.000000,1094.413940,4.501465
EggPlant,young,yes,0.000000,1094.088989,2.061035
EggPlant,young,yes,0.000000,1093.764038,9.740479
EggPlant,young,yes,0.000000,1093.439941,8.300049
EggPlant,young,yes,0.000000,1093.114990,2.059814
EggPlant,young,yes,0.000000,1092.790039,3.179199
EggPlant,young,yes,0.000000,1092.464966,5.738770
EggPlant,young,yes,0.000000,1092.140015,1.458252
EggPlant,young,yes,0.000000,1091.824951,11.697754
EggPlant,young,yes,0.000000,1091.510010,0.937500
EggPlant,young,yes,0.000000,1091.194946,0.000000
EggPlant,young,yes,0.000000,1090.880005,4.776611
EggPlant,young,yes,0.000000,1090.563965,9.256104
EggPlant,young,yes,0.000000,1090.249023,6.095703
EggPlant,young,yes,0.000000,1089.933960,0.000000
EggPlant,young,yes,0.000000,1089.619019,0.000000
EggPlant,young,yes,0.000000,1089.303955,21.454346
EggPlant,young,yes,0.000000,1088.989014,5.693848
EggPlant,young,yes,0.000000,1088.673950,0.773438
EggPlant,young,yes,0.000000,1088.359009,9.293213
EggPlant,young,yes,0.000000,1088.043945,17.092773
EggPlant,young,yes,0.000000,1087.728027,6.652100
EggPlant,young,yes,0.000000,1087.412964,1.051758
EggPlant,young,yes,0.000000,1087.098022,5.171143
EggPlant,young,yes,0.000000,1086.782959,6.091064
EggPlant,young,yes,0.000000,1086.468018,2.090576
EggPlant,young,yes,0.000000,1086.152954,5.570068
EggPlant,young,yes,0.000000,1085.838013,0.249512
EggPlant,young,yes,0.000000,1085.522949,6.888916
EggPlant,young,yes,0.000000,1085.208008,6.048828
EggPlant,young,yes,0.000000,1084.891968,0.048340
EggPlant,young,yes,0.000000,1084.577026,7.447754
EggPlant,young,yes,0.000000,1084.261963,8.127197
EggPlant,young,yes,0.000000,1083.947021,10.446777
EggPlant,young,yes,0.000000,1083.631958,5.926514
EggPlant,young,yes,0.000000,1083.317017,5.046143
EggPlant,young,yes,0.000000,1083.001953,7.365723
EggPlant,young,yes,0.000000,1082.687012,11.045166
EggPlant,young,yes,0.000000,1082.371948,12.124512
EggPlant,young,yes,0.000000,1082.056030,17.564453
EggPlant,young,yes,0.000000,1081.740967,16.483887
EggPlant,young,yes,0.000000,1081.426025,5.443359
EggPlant,young,yes,0.000000,1081.110962,7.603027
EggPlant,young,yes,0.000000,1080.796021,0.000000
EggPlant,young,yes,0.000000,1080.480957,4.962158
EggPlant,young,yes,0.000000,1080.166016,3.081787
EggPlant,young,yes,0.000000,1079.850952,4.401123
EggPlant,young,yes,0.000000,1079.536011,3.040771
EggPlant,young,yes,0.000000,1079.219971,0.000000
EggPlant,young,yes,0.000000,1078.905029,11.280029
EggPlant,young,yes,0.000000,1078.589966,10.199463
EggPlant,young,yes,0.000000,1078.275024,6.398926
EggPlant,young,yes,0.000000,1077.959961,19.558594
EggPlant,young,yes,0.000000,1077.645020,9.677979
EggPlant,young,yes,0.000000,1077.329956,8.357910
EggPlant,young,yes,0.000000,1077.015015,9.397217
EggPlant,young,yes,0.000000,1076.698975,7.316895
EggPlant,young,yes,0.000000,1076.384033,11.716309
EggPlant,young,yes,0.000000,1076.068970,8.355957
EggPlant,young,yes,0.000000,1075.754028,9.155518
EggPlant,young,yes,0.000000,1075.438965,6.155029
EggPlant,young,yes,0.000000,1075.124023,2.914551
EggPlant,young,yes,0.000000,1074.808960,0.000000
EggPlant,young,yes,0.000000,1074.494019,7.473633
EggPlant,young,yes,0.000000,1074.178955,13.713379
EggPlant,young,yes,0.000000,1073.863037,0.000000
EggPlant,young,yes,0.000000,1073.547974,1.312500
EggPlant,young,yes,0.000000,1073.233032,11.031982
EggPlant,young,yes,0.000000,1072.917969,8.791748
EggPlant,young,yes,0.000000,1072.603027,7.791260
EggPlant,young,yes,0.000000,1072.287964,0.000000
EggPlant,young,yes,0.000000,1071.973022,2.430176
EggPlant,young,yes,0.000000,1071.657959,9.109619
EggPlant,young,yes,0.000000,1071.343018,13.549561
EggPlant,young,yes,0.000000,1071.026978,3.989014
EggPlant,young,yes,0.000000,1070.712036,13.348633
EggPlant,young,yes,0.000000,1070.396973,8.268066
EggPlant,young,yes,0.000000,1070.082031,6.227539
EggPlant,young,yes,0.000000,1069.766968,3.587402
EggPlant,young,yes,0.000000,1069.452026,0.000000
EggPlant,young,yes,0.000000,1069.136963,4.546387
EggPlant,young,yes,0.000000,1068.822021,2.345947
EggPlant,young,yes,0.000000,1068.506958,1.505371
EggPlant,young,yes,0.000000,1068.191040,9.825195
EggPlant,young,yes,0.000000,1067.875977,3.504639
EggPlant,young,yes,0.000000,1067.561035,8.184082
EggPlant,young,yes,0.000000,1067.245972,7.023682
EggPlant,young,yes,0.000000,1066.931030,1.903076
EggPlant,young,yes,0.000000,1066.615967,0.542969
EggPlant,young,yes,0.000000,1066.301025,5.382324
EggPlant,young,yes,0.000000,1065.985962,12.541992
EggPlant,young,yes,0.000000,1065.671021,12.821533
EggPlant,young,yes,0.000000,1065.354980,5.541016
EggPlant,young,yes,0.000000,1065.040039,4.940674
EggPlant,young,yes,0.000000,1064.724976,9.740234
EggPlant,young,yes,0.000000,1064.410034,4.019775
EggPlant,young,yes,0.000000,1064.094971,8.339355
EggPlant,young,yes,0.000000,1063.780029,9.338867
EggPlant,young,yes,0.000000,1063.464966,6.978516
EggPlant,young,yes,0.000000,1063.150024,1.818115
EggPlant,young,yes,0.000000,1062.834961,0.000000
EggPlant,young,yes,0.000000,1062.519043,13.217041
EggPlant,young,yes,0.000000,1062.203979,12.416504
EggPlant,young,yes,0.000000,1061.889038,3.496338
EggPlant,young,yes,0.000000,1061.573975,12.175781
EggPlant,young,yes,0.000000,1061.259033,14.335449
EggPlant,young,yes,0.000000,1060.943970,0.000000
EggPlant,young,yes,0.000000,1060.629028,14.494385
EggPlant,young,yes,0.000000,1060.313965,8.534180
EggPlant,young,yes,0.000000,1059.999023,5.653564
EggPlant,young,yes,0.000000,1059.682983,8.573242
EggPlant,young,yes,0.000000,1059.368042,16.732666
EggPlant,young,yes,0.000000,1059.052979,5.812256
EggPlant,young,yes,0.000000,1058.738037,2.931885
EggPlant,young,yes,0.000000,1058.422974,9.931396
EggPlant,young,yes,0.000000,1058.108032,3.770996
EggPlant,young,yes,0.000000,1057.792969,14.730469
EggPlant,young,yes,0.000000,1057.478027,0.409912
EggPlant,young,yes,0.000000,1057.162964,0.000000
EggPlant,young,yes,0.000000,1056.847046,0.000000
EggPlant,young,yes,0.000000,1056.531982,0.000000
EggPlant,young,yes,0.000000,1056.217041,0.000000
EggPlant,young,yes,0.000000,1055.901978,6.927734
EggPlant,young,yes,0.000000,1055.587036,0.000000
EggPlant,young,yes,0.000000,1055.271973,6.126953
EggPlant,young,yes,0.000000,1054.957031,1.446533
EggPlant,young,yes,0.000000,1054.641968,8.766113
EggPlant,young,yes,0.000000,1054.327026,14.445557
EggPlant,young,yes,0.000000,1054.010986,3.645264
EggPlant,young,yes,0.000000,1053.696045,2.044922
EggPlant,young,yes,0.000000,1053.380981,11.884277
EggPlant,young,yes,0.000000,1053.066040,0.000000
EggPlant,young,yes,0.000000,1052.750977,6.643311
EggPlant,young,yes,0.000000,1052.436035,17.483154
EggPlant,young,yes,0.000000,1052.120972,5.802734
EggPlant,young,yes,0.000000,1051.806030,11.322266
EggPlant,young,yes,0.000000,1051.490967,7.041748
EggPlant,young,yes,0.000000,1051.175049,1.001221
EggPlant,young,yes,0.000000,1050.859985,9.440918
EggPlant,young,yes,0.000000,1050.545044,6.000488
EggPlant,young,yes,0.000000,1050.229980,2.119873
EggPlant,young,yes,0.000000,1049.915039,8.679443
EggPlant,young,yes,0.000000,1049.599976,7.398926
EggPlant,young,yes,0.000000,1049.285034,14.038818
EggPlant,young,yes,0.000000,1048.969971,4.518311
EggPlant,young,yes,0.000000,1048.655029,11.197754
EggPlant,young,yes,0.000000,1048.338989,11.517334
EggPlant,young,yes,0.000000,1048.024048,6.236816
EggPlant,young,yes,0.000000,1047.708984,1.236572
EggPlant,young,yes,0.000000,1047.394043,6.156006
EggPlant,young,yes,0.000000,1047.078979,0.675537
EggPlant,young,yes,0.000000,1046.764038,0.000000
EggPlant,young,yes,0.000000,1046.448975,7.514648
EggPlant,young,yes,0.000000,1046.134033,0.074219
EggPlant,young,yes,0.000000,1045.818970,0.553955
EggPlant,young,yes,0.000000,1045.503052,5.073242
EggPlant,young,yes,0.000000,1045.187988,13.512939
EggPlant,young,yes,0.000000,1044.873047,7.632568
EggPlant,young,yes,0.000000,1044.557983,4.352051
EggPlant,young,yes,0.000000,1044.243042,7.791748
EggPlant,young,yes,0.000000,1043.927979,0.000000
EggPlant,young,yes,0.000000,1043.613037,1.750732
EggPlant,young,yes,0.000000,1043.297974,0.000000
EggPlant,young,yes,0.000000,1042.982056,1.989990
EggPlant,young,yes,0.000000,1042.666992,5.229492
EggPlant,young,yes,0.000000,1042.352051,3.148926
EggPlant,young,yes,0.000000,1042.036987,7.388428
EggPlant,young,yes,0.000000,1041.722046,0.000000
EggPlant,young,yes,0.000000,1041.406982,5.347656
EggPlant,young,yes,0.000000,1041.092041,4.747314
EggPlant,young,yes,0.000000,1040.776978,0.000000
EggPlant,young,yes,0.000000,1040.462036,0.000000
EggPlant,young,yes,0.000000,1040.145996,0.000000
EggPlant,young,yes,0.000000,1039.831055,7.945557
EggPlant,young,yes,0.000000,1039.515991,12.465088
EggPlant,young,yes,0.000000,1039.201050,0.000000
EggPlant,young,yes,0.000000,1038.885986,1.264160
EggPlant,young,yes,0.000000,1038.571045,12.503906
EggPlant,young,yes,0.000000,1038.255981,9.983398
EggPlant,young,yes,0.000000,1037.941040,4.542969
EggPlant,young,yes,0.000000,1037.625977,2.862305
EggPlant,young,yes,0.000000,1037.310059,0.381836
EggPlant,young,yes,0.000000,1036.994995,8.261719
EggPlant,young,yes,0.000000,1036.680054,11.061035
EggPlant,young,yes,0.000000,1036.364990,7.620605
EggPlant,young,yes,0.000000,1036.050049,10.780273
EggPlant,young,yes,0.000000,1035.734985,2.419678
EggPlant,young,yes,0.000000,1035.420044,15.859375
EggPlant,young,yes,0.000000,1035.104980,10.938965
EggPlant,young,yes,0.000000,1034.790039,6.498535
EggPlant,young,yes,0.000000,1034.473999,5.617920
EggPlant,young,yes,0.000000,1034.159058,0.000000
EggPlant,young,yes,0.000000,1033.843994,4.417236
EggPlant,young,yes,0.000000,1033.529053,0.216797
EggPlant,young,yes,0.000000,1033.213989,12.136230
EggPlant,young,yes,0.000000,1032.899048,0.000000
EggPlant,young,yes,0.000000,1032.583984,6.535400
EggPlant,young,yes,0.000000,1032.269043,0.000000
EggPlant,young,yes,0.000000,1031.953979,7.774658
EggPlant,young,yes,0.000000,1031.637939,5.494141
EggPlant,young,yes,0.000000,1031.322998,3.133545
EggPlant,young,yes,0.000000,1031.008057,1.973145
EggPlant,young,yes,0.000000,1030.692993,5.732910
EggPlant,young,yes,0.000000,1030.378052,4.092285
EggPlant,young,yes,0.000000,1030.062988,5.291992
EggPlant,young,yes,0.000000,1029.748047,8.491455
EggPlant,young,yes,0.000000,1029.432983,4.570801
EggPlant,young,yes,0.000000,1029.118042,1.450684
EggPlant,young,yes,0.000000,1028.802002,8.490234
EggPlant,young,yes,0.000000,1028.487061,4.529785
EggPlant,young,yes,0.000000,1028.171997,0.000000
EggPlant,young,yes,0.000000,1027.857056,4.608643
EggPlant,young,yes,0.000000,1027.541992,4.848389
EggPlant,young,yes,0.000000,1027.227051,7.327881
EggPlant,young,yes,0.000000,1026.911987,0.000000
EggPlant,young,yes,0.000000,1026.597046,0.000000
EggPlant,young,yes,0.000000,1026.281982,4.726562
EggPlant,young,yes,0.000000,1025.965942,2.806152
EggPlant,young,yes,0.000000,1025.651001,0.000000
EggPlant,young,yes,0.000000,1025.336060,2.565186
EggPlant,young,yes,0.000000,1025.020996,0.000000
EggPlant,young,yes,0.000000,1024.706055,2.004395
EggPlant,young,yes,0.000000,1024.390991,7.684082
EggPlant,young,yes,0.000000,1024.076050,11.963623
EggPlant,young,yes,0.000000,1023.760986,2.083008
EggPlant,young,yes,0.000000,1023.445984,8.322510
EggPlant,young,yes,0.000000,1023.130005,1.882080
EggPlant,young,yes,0.000000,1022.815002,8.921875
EggPlant,young,yes,0.000000,1022.500000,0.000000
EggPlant,young,yes,0.000000,1022.184998,1.200928
EggPlant,young,yes,0.000000,1021.869995,16.400391
EggPlant,young,yes,0.000000,1021.554993,16.559814
EggPlant,young,yes,0.000000,1021.239990,11.599609
EggPlant,young,yes,0.000000,1020.924988,7.079102
EggPlant,young,yes,0.000000,1020.609985,6.038574
EggPlant,young,yes,0.000000,1020.294006,7.038086
EggPlant,young,yes,0.000000,1019.979004,2.437744
EggPlant,young,yes,0.000000,1019.664001,4.997559
EggPlant,young,yes,0.000000,1019.348999,6.277100
EggPlant,young,yes,0.000000,1019.033997,6.916504
EggPlant,young,yes,0.000000,1018.718994,7.436035
EggPlant,young,yes,0.000000,1018.403992,12.595459
EggPlant,young,yes,0.000000,1018.088989,4.075195
EggPlant,young,yes,0.000000,1017.773987,3.954834
EggPlant,young,yes,0.000000,1017.458008,0.000000
EggPlant,young,yes,0.000000,1017.143005,8.273926
EggPlant,young,yes,0.000000,1016.828003,14.113281
EggPlant,young,yes,0.000000,1016.513000,2.353027
EggPlant,young,yes,0.000000,1016.197998,3.912598
EggPlant,young,yes,0.000000,1015.882996,0.000000
EggPlant,young,yes,0.000000,1015.567993,11.391602
EggPlant,young,yes,0.000000,1015.252991,17.991455
EggPlant,young,yes,0.000000,1014.937988,15.390869
EggPlant,young,yes,0.000000,1014.622009,10.670410
EggPlant,young,yes,0.000000,1014.307007,4.909912
EggPlant,young,yes,0.000000,1013.992004,4.189453
EggPlant,young,yes,0.000000,1013.677002,6.789062
EggPlant,young,yes,0.000000,1013.362000,3.308594
EggPlant,young,yes,0.000000,1013.046997,8.628174
EggPlant,young,yes,0.000000,1012.731995,6.387695
EggPlant,young,yes,0.000000,1012.416992,0.000000
EggPlant,young,yes,0.000000,1012.101990,3.227051
EggPlant,young,yes,0.000000,1011.786011,6.786377
EggPlant,young,yes,0.000000,1011.471008,5.426025
EggPlant,young,yes,0.000000,1011.156006,7.465576
EggPlant,young,yes,0.000000,1010.841003,0.945068
EggPlant,young,yes,0.000000,1010.526001,16.904785
EggPlant,young,yes,0.000000,1010.210999,1.104248
EggPlant,young,yes,0.000000,1009.895996,5.463867
EggPlant,young,yes,0.000000,1009.580994,10.863281
EggPlant,young,yes,0.000000,1009.265015,1.382812
EggPlant,young,yes,0.000000,1008.950012,12.022461
EggPlant,young,yes,0.000000,1008.635010,14.742188
EggPlant,young,yes,0.000000,1008.320007,5.781494
EggPlant,young,yes,0.000000,1008.005005,7.981201
EggPlant,young,yes,0.000000,1007.690002,11.620605
EggPlant,young,yes,0.000000,1007.375000,8.180420
EggPlant,young,yes,0.000000,1007.059998,2.019775
EggPlant,young,yes,0.000000,1006.744995,4.499512
EggPlant,young,yes,0.000000,1006.429016,0.000000
EggPlant,young,yes,0.000000,1006.114014,6.618408
EggPlant,young,yes,0.000000,1005.799011,8.818115
EggPlant,young,yes,0.000000,1005.484009,5.657715
EggPlant,young,yes,0.000000,1005.169006,7.777100
EggPlant,young,yes,0.000000,1004.854004,2.696777
EggPlant,young,yes,0.000000,1004.539001,9.136230
EggPlant,young,yes,0.000000,1004.223999,7.736084
EggPlant,young,yes,0.000000,1003.908997,0.000000
EggPlant,young,yes,0.000000,1003.593018,5.014893
EggPlant,young,yes,0.000000,1003.278015,0.000000
EggPlant,young,yes,0.000000,1002.963013,6.734131
EggPlant,young,yes,0.000000,1002.648010,4.733887
EggPlant,young,yes,0.000000,1002.333008,9.333252
EggPlant,young,yes,0.000000,1002.018005,3.452881
EggPlant,young,yes,0.000000,1001.703003,0.812256
EggPlant,young,yes,0.000000,1001.388000,4.571777
EggPlant,young,yes,0.000000,1001.072998,7.571533
EggPlant,young,yes,0.000000,1000.757019,0.000000
EggPlant,young,yes,0.000000,1000.442017,0.000000
EggPlant,young,yes,0.000000,1000.127014,0.000000
EggPlant,young,yes,0.000000,999.812012,0.000000
EggPlant,young,yes,0.000000,999.497009,6.209473
EggPlant,young,yes,0.000000,999.182007,1.608887
EggPlant,young,yes,0.000000,998.867004,8.888428
EggPlant,young,yes,0.000000,998.552002,4.728027
EggPlant,young,yes,0.000000,998.237000,1.167480
EggPlant,young,yes,0.000000,997.921021,11.007080
EggPlant,young,yes,0.000000,997.606018,16.646729
EggPlant,young,yes,0.000000,997.291016,0.926270
EggPlant,young,yes,0.000000,996.976013,8.885742
EggPlant,young,yes,0.000000,996.661011,0.000000
EggPlant,young,yes,0.000000,996.346008,7.844971
EggPlant,young,yes,0.000000,996.031006,0.764404
EggPlant,young,yes,0.000000,995.716003,8.283936
EggPlant,young,yes,0.000000,995.401001,7.283447
EggPlant,young,yes,0.000000,995.085022,3.363037
EggPlant,young,yes,0.000000,994.770020,9.282715
EggPlant,young,yes,0.000000,994.455017,0.482422
EggPlant,young,yes,0.000000,994.140015,4.081787
EggPlant,young,yes,0.000000,993.825012,10.641357
EggPlant,young,yes,0.000000,993.510010,0.560791
EggPlant,young,yes,0.000000,993.195007,8.160645
EggPlant,young,yes,0.000000,992.880005,4.880127
EggPlant,young,yes,0.000000,992.565002,4.799561
EggPlant,young,yes,0.000000,992.249023,1.599121
EggPlant,young,yes,0.000000,991.934021,10.118652
EggPlant,young,yes,0.000000,991.619019,0.000000
EggPlant,young,yes,0.000000,991.304016,5.917969
EggPlant,young,yes,0.000000,990.989014,0.000000
EggPlant,young,yes,0.000000,990.674011,9.156982
EggPlant,young,yes,0.000000,990.359009,3.996338
EggPlant,young,yes,0.000000,990.044006,0.000000
EggPlant,young,yes,0.000000,989.729004,0.000000
EggPlant,young,yes,0.000000,989.413025,0.000000
EggPlant,young,yes,0.000000,989.098022,1.394775
EggPlant,young,yes,0.000000,988.783020,3.994141
EggPlant,young,yes,0.000000,988.468018,0.000000
EggPlant,young,yes,0.000000,988.153015,0.000000
EggPlant,young,yes,0.000000,987.838013,4.992920
EggPlant,young,yes,0.000000,987.523010,13.992432
EggPlant,young,yes,0.000000,987.208008,3.592285
EggPlant,young,yes,0.000000,986.893005,0.000000
EggPlant,young,yes,0.000000,986.577026,5.831299
EggPlant,young,yes,0.000000,986.262024,11.070801
EggPlant,young,yes,0.000000,985.947021,0.000000
EggPlant,young,yes,0.000000,985.632019,4.870117
EggPlant,young,yes,0.000000,985.317017,3.189697
EggPlant,young,yes,0.000000,985.002014,0.000000
EggPlant,young,yes,0.000000,984.687012,8.308594
EggPlant,young,yes,0.000000,984.372009,6.068115
EggPlant,young,yes,0.000000,984.057007,11.587891
EggPlant,young,yes,0.000000,983.741028,14.067383
EggPlant,young,yes,0.000000,983.426025,0.786865
EggPlant,young,yes,0.000000,983.111023,2.026367
EggPlant,young,yes,0.000000,982.796021,13.505859
EggPlant,young,yes,0.000000,982.481018,2.665771
EggPlant,young,yes,0.000000,982.166016,10.505127
EggPlant,young,yes,0.000000,981.851013,7.784668
EggPlant,young,yes,0.000000,981.536011,8.744141
EggPlant,young,yes,0.000000,981.221008,9.623779
EggPlant,young,yes,0.000000,980.905029,1.743408
EggPlant,young,yes,0.000000,980.590027,2.223145
EggPlant,young,yes,0.000000,980.275024,15.662598
EggPlant,young,yes,0.000000,979.960022,8.382080
EggPlant,young,yes,0.000000,979.645020,0.000000
EggPlant,young,yes,0.000000,979.330017,0.000000
EggPlant,young,yes,0.000000,979.015015,7.900879
EggPlant,young,yes,0.000000,978.700012,5.620361
EggPlant,young,yes,0.000000,978.383972,2.259766
EggPlant,young,yes,0.000000,978.068970,9.539307
EggPlant,young,yes,0.000000,977.754028,8.219238
EggPlant,young,yes,0.000000,977.439026,3.298584
EggPlant,young,yes,0.000000,977.124023,8.538086
EggPlant,young,yes,0.000000,976.809021,11.057617
EggPlant,young,yes,0.000000,976.494019,7.097168
EggPlant,young,yes,0.000000,976.179016,2.376953
EggPlant,young,yes,0.000000,975.864014,8.096436
EggPlant,young,yes,0.000000,975.547974,7.255859
EggPlant,young,yes,0.000000,975.232971,0.855469
EggPlant,young,yes,0.000000,974.918030,1.135010
EggPlant,young,yes,0.000000,974.603027,0.000000
EggPlant,young,yes,0.000000,974.288025,8.134277
EggPlant,young,yes,0.000000,973.973022,6.413818
EggPlant,young,yes,0.000000,973.658020,10.093262
EggPlant,young,yes,0.000000,973.343018,5.772705
EggPlant,young,yes,0.000000,973.028015,12.532471
EggPlant,young,yes,0.000000,972.711975,7.531982
EggPlant,young,yes,0.000000,972.396973,3.451660
EggPlant,young,yes,0.000000,972.081970,9.730957
EggPlant,young,yes,0.000000,971.767029,0.000000
EggPlant,young,yes,0.000000,971.452026,6.650391
EggPlant,young,yes,0.000000,971.137024,1.689941
EggPlant,young,yes,0.000000,970.822021,9.769287
EggPlant,young,yes,0.000000,970.507019,2.568848
EggPlant,young,yes,0.000000,970.192017,0.000000
EggPlant,young,yes,0.000000,969.875977,4.288086
EggPlant,young,yes,0.000000,969.560974,7.687744
EggPlant,young,yes,0.000000,969.245972,14.687256
EggPlant,young,yes,0.000000,968.931030,15.326660
EggPlant,young,yes,0.000000,968.616028,8.046143
EggPlant,young,yes,0.000000,968.301025,4.565918
EggPlant,young,yes,0.000000,967.986023,17.045410
EggPlant,young,yes,0.000000,967.671021,12.724854
EggPlant,young,yes,0.000000,967.356018,0.000000
EggPlant,young,yes,0.000000,967.039978,7.604004
EggPlant,young,yes,0.000000,966.724976,2.203857
EggPlant,young,yes,0.000000,966.409973,0.000000
EggPlant,young,yes,0.000000,966.094971,3.562744
EggPlant,young,yes,0.000000,965.780029,7.562256
EggPlant,young,yes,0.000000,965.473999,13.801758
EggPlant,young,yes,0.000000,965.169006,6.121582
EggPlant,young,yes,0.000000,964.862976,2.720947
EggPlant,young,yes,0.000000,964.557983,0.160645
EggPlant,young,yes,0.000000,964.252014,16.080078
EggPlant,young,yes,0.000000,963.945984,11.359619
EggPlant,young,yes,0.000000,963.640991,0.000000
EggPlant,young,yes,0.000000,963.335022,1.758789
EggPlant,young,yes,0.000000,963.030029,6.118408
EggPlant,young,yes,0.000000,962.723999,4.157959
EggPlant,young,yes,0.000000,962.418030,13.877441
EggPlant,young,yes,0.000000,962.112976,6.677246
EggPlant,young,yes,0.000000,961.807007,6.836670
EggPlant,young,yes,0.000000,961.502014,0.000000
EggPlant,young,yes,0.000000,961.195984,3.235596
EggPlant,young,yes,0.000000,960.890015,12.915283
EggPlant,young,yes,0.000000,960.585022,5.155029
EggPlant,young,yes,0.000000,960.278992,9.194580
EggPlant,young,yes,0.000000,959.973999,3.354004
EggPlant,young,yes,0.000000,959.668030,0.000000
EggPlant,young,yes,0.000000,959.362000,5.353271
EggPlant,young,yes,0.000000,959.057007,8.992676
EggPlant,young,yes,0.000000,958.750977,1.592285
EggPlant,young,yes,0.000000,958.445984,5.271729
EggPlant,young,yes,0.000000,958.140015,0.191406
EggPlant,young,yes,0.000000,957.833984,8.831055
EggPlant,young,yes,0.000000,957.528992,0.000000
EggPlant,young,yes,0.000000,957.223022,0.000000
EggPlant,young,yes,0.000000,956.918030,9.349609
EggPlant,young,yes,0.000000,956.612000,6.468994
EggPlant,young,yes,0.000000,956.306030,3.948730
EggPlant,young,yes,0.000000,956.000977,5.148438
EggPlant,young,yes,0.000000,955.695007,2.747803
EggPlant,young,yes,0.000000,955.390015,10.147461
EggPlant,young,yes,0.000000,955.083984,10.986816
EggPlant,young,yes,0.000000,954.778015,9.306641
EggPlant,young,yes,0.000000,954.473022,11.306152
EggPlant,young,yes,0.000000,954.166992,9.705566
EggPlant,young,yes,0.000000,953.862000,17.065186
EggPlant,young,yes,0.000000,953.556030,8.104736
EggPlant,young,yes,0.000000,953.250000,0.944336
EggPlant,young,yes,0.000000,952.945007,3.223877
EggPlant,young,yes,0.000000,952.638977,0.000000
EggPlant,young,yes,0.000000,952.333984,1.262939
EggPlant,young,yes,0.000000,952.028015,0.462402
EggPlant,young,yes,0.000000,951.721985,2.742188
EggPlant,young,yes,0.000000,951.416992,10.421875
EggPlant,young,yes,0.000000,951.111023,6.101318
EggPlant,young,yes,0.000000,950.806030,1.380859
EggPlant,young,yes,0.000000,950.500000,8.220215
EggPlant,young,yes,0.000000,950.193970,6.459961
EggPlant,young,yes,0.000000,949.888977,0.779541
EggPlant,young,yes,0.000000,949.583008,3.779053
EggPlant,young,yes,0.000000,949.278015,4.258545
EggPlant,young,yes,0.000000,948.971985,0.937988
EggPlant,young,yes,0.000000,948.666016,0.000000
EggPlant,young,yes,0.000000,948.361023,0.000000
EggPlant,young,yes,0.000000,948.054993,14.576904
EggPlant,young,yes,0.000000,947.750000,3.496338
EggPlant,young,yes,0.000000,947.443970,10.055908
EggPlant,young,yes,0.000000,947.138000,8.135742
EggPlant,young,yes,0.000000,946.833008,2.655273
EggPlant,young,yes,0.000000,946.526978,9.814697
EggPlant,young,yes,0.000000,946.221985,10.174316
EggPlant,young,yes,0.000000,945.916016,0.333740
EggPlant,young,yes,0.000000,945.609985,7.013428
EggPlant,young,yes,0.000000,945.304993,10.853027
EggPlant,young,yes,0.000000,944.999023,11.452393
EggPlant,young,yes,0.000000,944.693970,14.372070
EggPlant,young,yes,0.000000,944.388000,7.931396
EggPlant,young,yes,0.000000,944.081970,10.851318
EggPlant,young,yes,0.000000,943.776978,2.250732
EggPlant,young,yes,0.000000,943.471008,4.690186
EggPlant,young,yes,0.000000,943.166016,2.449707
EggPlant,young,yes,0.000000,942.859985,0.000000
EggPlant,young,yes,0.000000,942.554016,4.889160
EggPlant,young,yes,0.000000,942.249023,9.848633
EggPlant,young,yes,0.000000,941.942993,13.927979
EggPlant,young,yes,0.000000,941.638000,2.207520
EggPlant,young,yes,0.000000,941.331970,7.007080
EggPlant,young,yes,0.000000,941.026001,3.126953
EggPlant,young,yes,0.000000,940.721008,7.846436
EggPlant,young,yes,0.000000,940.414978,3.285889
EggPlant,young,yes,0.000000,940.109985,8.005371
EggPlant,young,yes,0.000000,939.804016,12.125000
EggPlant,young,yes,0.000000,939.497986,2.244629
EggPlant,young,yes,0.000000,939.192993,7.924072
EggPlant,young,yes,0.000000,938.887024,4.563721
EggPlant,young,yes,0.000000,938.581970,4.923096
EggPlant,young,yes,0.000000,938.276001,1.722656
EggPlant,young,yes,0.000000,937.969971,0.802490
EggPlant,young,yes,0.000000,937.664978,5.681885
EggPlant,young,yes,0.000000,937.359009,1.001465
EggPlant,young,yes,0.000000,937.054016,1.641113
EggPlant,young,yes,0.000000,936.747986,1.640625
EggPlant,young,yes,0.000000,936.442017,2.480225
EggPlant,young,yes,0.000000,936.137024,5.399902
EggPlant,young,yes,0.000000,935.830994,4.559326
EggPlant,young,yes,0.000000,935.526001,0.000000
EggPlant,young,yes,0.000000,935.219971,3.998291
EggPlant,young,yes,0.000000,934.914001,11.878174
EggPlant,young,yes,0.000000,934.609009,7.957520
EggPlant,young,yes,0.000000,934.302979,2.557129
EggPlant,young,yes,0.000000,933.997986,6.596680
EggPlant,young,yes,0.000000,933.692017,4.956055
EggPlant,young,yes,0.000000,933.385986,8.835938
EggPlant,young,yes,0.000000,933.080994,2.355469
EggPlant,young,yes,0.000000,932.775024,13.954834
EggPlant,young,yes,0.000000,932.469971,15.034424
EggPlant,young,yes,0.000000,932.164001,13.794189
EggPlant,young,yes,0.000000,931.857971,14.593750
EggPlant,young,yes,0.000000,931.552979,9.073242
EggPlant,young,yes,0.000000,931.247009,2.072754
EggPlant,young,yes,0.000000,930.942017,10.632324
EggPlant,young,yes,0.000000,930.635986,13.152100
EggPlant,young,yes,0.000000,930.330017,11.511475
EggPlant,young,yes,0.000000,930.025024,0.270996
EggPlant,young,yes,0.000000,929.718994,5.310547
EggPlant,young,yes,0.000000,929.414001,14.790039
EggPlant,young,yes,0.000000,929.107971,11.869873
EggPlant,young,yes,0.000000,928.802002,0.000000
EggPlant,young,yes,0.000000,928.497009,0.828857
EggPlant,young,yes,0.000000,928.190979,9.148438
EggPlant,young,yes,0.000000,927.885986,7.027832
EggPlant,young,yes,0.000000,927.580017,5.267578
EggPlant,young,yes,0.000000,927.273987,3.707031
EggPlant,young,yes,0.000000,926.968994,4.506592
EggPlant,young,yes,0.000000,926.663025,10.706055
EggPlant,young,yes,0.000000,926.357971,17.705566
EggPlant,young,yes,0.000000,926.052002,5.505371
EggPlant,young,yes,0.000000,925.745972,3.385010
EggPlant,young,yes,0.000000,925.440979,0.000000
EggPlant,young,yes,0.000000,925.135010,3.144043
EggPlant,young,yes,0.000000,924.830017,3.663330
EggPlant,young,yes,0.000000,924.523987,7.903076
EggPlant,young,yes,0.000000,924.218018,1.982666
EggPlant,young,yes,0.000000,923.913025,6.942139
EggPlant,young,yes,0.000000,923.606995,7.461670
EggPlant,young,yes,0.000000,923.302002,6.981201
EggPlant,young,yes,0.000000,922.995972,3.220947
EggPlant,young,yes,0.000000,922.690002,6.380615
EggPlant,young,yes,0.000000,922.385010,0.000000
EggPlant,young,yes,0.000000,922.078979,7.819580
EggPlant,young,yes,0.000000,921.773987,6.178955
EggPlant,young,yes,0.000000,921.468018,7.298828
EggPlant,young,yes,0.000000,921.161987,8.898193
EggPlant,young,yes,0.000000,920.856995,6.857910
EggPlant,young,yes,0.000000,920.551025,17.137451
EggPlant,young,yes,0.000000,920.245972,8.416748
EggPlant,young,yes,0.000000,919.940002,2.936523
EggPlant,young,yes,0.000000,919.633972,7.176025
EggPlant,young,yes,0.000000,919.328979,4.535645
EggPlant,young,yes,0.000000,919.023010,2.855225
EggPlant,young,yes,0.000000,918.718018,5.374756
EggPlant,young,yes,0.000000,918.411987,6.694336
EggPlant,young,yes,0.000000,918.106018,15.453857
EggPlant,young,yes,0.000000,917.801025,0.000000
EggPlant,young,yes,0.000000,917.494995,9.012939
EggPlant,young,yes,0.000000,917.190002,4.492432
EggPlant,young,yes,0.000000,916.883972,5.172119
EggPlant,young,yes,0.000000,916.578003,4.371826
EggPlant,young,yes,0.000000,916.273010,2.811279
EggPlant,young,yes,0.000000,915.966980,12.530762
EggPlant,young,yes,0.000000,915.661987,14.370361
EggPlant,young,yes,0.000000,915.356018,12.729980
EggPlant,young,yes,0.000000,915.049988,6.489502
EggPlant,young,yes,0.000000,914.744995,13.489014
EggPlant,young,yes,0.000000,914.439026,6.248535
EggPlant,young,yes,0.000000,914.133972,8.328125
EggPlant,young,yes,0.000000,913.828003,8.647705
EggPlant,young,yes,0.000000,913.521973,16.247314
EggPlant,young,yes,0.000000,913.216980,9.846924
EggPlant,young,yes,0.000000,912.911011,0.000000
EggPlant,young,yes,0.000000,912.606018,3.925781
EggPlant,young,yes,0.000000,912.299988,8.485596
EggPlant,young,yes,0.000000,911.997009,5.685059
EggPlant,young,yes,0.000000,911.695007,0.924561
EggPlant,young,yes,0.000000,911.392029,16.724121
EggPlant,young,yes,0.000000,911.090027,11.243652
EggPlant,young,yes,0.000000,910.786987,9.003418
EggPlant,young,yes,0.000000,910.484009,0.442871
EggPlant,young,yes,0.000000,910.182007,3.602539
EggPlant,young,yes,0.000000,909.879028,7.441895
EggPlant,young,yes,0.000000,909.575989,5.601562
EggPlant,young,yes,0.000000,909.273987,8.521240
EggPlant,young,yes,0.000000,908.971008,16.680664
EggPlant,young,yes,0.000000,908.669006,5.760254
EggPlant,young,yes,0.000000,908.366028,0.000000
EggPlant,young,yes,0.000000,908.062988,9.879150
EggPlant,young,yes,0.000000,907.760986,5.479004
EggPlant,young,yes,0.000000,907.458008,5.718506
EggPlant,young,yes,0.000000,907.156006,7.038086
EggPlant,young,yes,0.000000,906.853027,3.477539
EggPlant,young,yes,0.000000,906.549988,7.477051
EggPlant,young,yes,0.000000,906.247986,13.276855
EggPlant,young,yes,0.000000,905.945007,14.476318
EggPlant,young,yes,0.000000,905.643005,17.235840
EggPlant,young,yes,0.000000,905.340027,14.555420
EggPlant,young,yes,0.000000,905.036987,14.914795
EggPlant,young,yes,0.000000,904.734985,2.114746
EggPlant,young,yes,0.000000,904.432007,8.754150
EggPlant,young,yes,0.000000,904.129028,9.553711
EggPlant,young,yes,0.000000,903.827026,1.513184
EggPlant,young,yes,0.000000,903.523987,13.152832
EggPlant,young,yes,0.000000,903.221985,10.592529
EggPlant,young,yes,0.000000,902.919006,2.552002
EggPlant,young,yes,0.000000,902.616028,0.000000
EggPlant,young,yes,0.000000,902.314026,28.270996
EggPlant,young,yes,0.000000,902.010986,5.910645
EggPlant,young,yes,0.000000,901.708984,12.350342
EggPlant,young,yes,0.000000,901.406006,0.589844
EggPlant,young,yes,0.000000,901.103027,6.429199
EggPlant,young,yes,0.000000,900.801025,0.000000
EggPlant,young,yes,0.000000,900.497986,0.000000
EggPlant,young,yes,0.000000,900.195984,4.468018
EggPlant,young,yes,0.000000,899.893005,17.827637
EggPlant,young,yes,0.000000,899.590027,13.187012
EggPlant,young,yes,0.000000,899.288025,5.306641
EggPlant,young,yes,0.000000,898.984985,8.746338
EggPlant,young,yes,0.000000,898.682007,11.185791
EggPlant,young,yes,0.000000,898.380005,17.825439
EggPlant,young,yes,0.000000,898.077026,2.024902
EggPlant,young,yes,0.000000,897.775024,1.304443
EggPlant,young,yes,0.000000,897.471985,7.624023
EggPlant,young,yes,0.000000,897.169006,10.383545
EggPlant,young,yes,0.000000,896.867004,8.023193
EggPlant,young,yes,0.000000,896.564026,10.382568
EggPlant,young,yes,0.000000,896.262024,3.942139
EggPlant,young,yes,0.000000,895.958984,11.181885
EggPlant,young,yes,0.000000,895.656006,6.861328
EggPlant,young,yes,0.000000,895.354004,8.341064
EggPlant,young,yes,0.000000,895.051025,5.940430
EggPlant,young,yes,0.000000,894.747986,12.739990
EggPlant,young,yes,0.000000,894.445984,7.219727
EggPlant,young,yes,0.000000,894.143005,15.139160
EggPlant,young,yes,0.000000,893.841003,13.418701
EggPlant,young,yes,0.000000,893.538025,0.000000
EggPlant,young,yes,0.000000,893.234985,2.857666
EggPlant,young,yes,0.000000,892.932983,4.977539
EggPlant,young,yes,0.000000,892.630005,11.136963
EggPlant,young,yes,0.000000,892.328003,10.416504
EggPlant,young,yes,0.000000,892.025024,14.296143
EggPlant,young,yes,0.000000,891.721985,19.655518
EggPlant,young,yes,0.000000,891.419983,9.415283
EggPlant,young,yes,0.000000,891.117004,9.214844
EggPlant,young,yes,0.000000,890.814026,14.094482
EggPlant,young,yes,0.000000,890.512024,14.453857
EggPlant,young,yes,0.000000,890.208984,10.213379
EggPlant,young,yes,0.000000,889.906982,8.333252
EggPlant,young,yes,0.000000,889.604004,12.572754
EggPlant,young,yes,0.000000,889.301025,4.812256
EggPlant,young,yes,0.000000,888.999023,9.051758
EggPlant,young,yes,0.000000,888.695984,9.211182
EggPlant,young,yes,0.000000,888.393982,3.650879
EggPlant,young,yes,0.000000,888.091003,9.610352
EggPlant,young,yes,0.000000,887.788025,19.090088
EggPlant,young,yes,0.000000,887.486023,0.000000
EggPlant,young,yes,0.000000,887.182983,3.249023
EggPlant,young,yes,0.000000,886.880981,1.128662
EggPlant,young,yes,0.000000,886.578003,0.408203
EggPlant,young,yes,0.000000,886.275024,14.807861
EggPlant,young,yes,0.000000,885.973022,14.367188
EggPlant,young,yes,0.000000,885.669983,6.406738
EggPlant,young,yes,0.000000,885.367004,12.566650
EggPlant,young,yes,0.000000,885.065002,15.566162
EggPlant,young,yes,0.000000,884.762024,7.205566
EggPlant,young,yes,0.000000,884.460022,19.045166
EggPlant,young,yes,0.000000,884.156982,12.204590
EggPlant,young,yes,0.000000,883.854004,2.244385
EggPlant,young,yes,0.000000,883.552002,5.403809
EggPlant,young,yes,0.000000,883.249023,6.043457
EggPlant,young,yes,0.000000,882.947021,14.402832
EggPlant,young,yes,0.000000,882.643982,13.482422
EggPlant,young,yes,0.000000,882.341003,9.602051
EggPlant,young,yes,0.000000,882.039001,7.041748
EggPlant,young,yes,0.000000,881.736023,16.201172
EggPlant,young,yes,0.000000,881.434021,9.880615
EggPlant,young,yes,0.000000,881.130981,18.840088
EggPlant,young,yes,0.000000,880.828003,13.599854
EggPlant,young,yes,0.000000,880.526001,9.799561
EggPlant,young,yes,0.000000,880.223022,12.718994
EggPlant,young,yes,0.000000,879.919983,9.718506
EggPlant,young,yes,0.000000,879.617981,14.437988
EggPlant,young,yes,0.000000,879.315002,10.917725
EggPlant,young,yes,0.000000,879.013000,10.677246
EggPlant,young,yes,0.000000,878.710022,10.516846
EggPlant,young,yes,0.000000,878.406982,12.716309
EggPlant,young,yes,0.000000,878.104980,1.835693
EggPlant,young,yes,0.000000,877.802002,16.115479
EggPlant,young,yes,0.000000,877.500000,7.354980
EggPlant,young,yes,0.000000,877.197021,0.000000
EggPlant,young,yes,0.000000,876.893982,10.434082
EggPlant,young,yes,0.000000,876.591980,3.633789
EggPlant,young,yes,0.000000,876.289001,16.273438
EggPlant,young,yes,0.000000,875.986023,11.512939
EggPlant,young,yes,0.000000,875.684021,16.152344
EggPlant,young,yes,0.000000,875.380981,6.871826
EggPlant,young,yes,0.000000,875.078979,10.111572
EggPlant,young,yes,0.000000,874.776001,8.111084
EggPlant,young,yes,0.000000,874.473022,12.030762
EggPlant,young,yes,0.000000,874.171021,14.030273
EggPlant,young,yes,0.000000,873.867981,13.869629
EggPlant,young,yes,0.000000,873.565979,9.429443
EggPlant,young,yes,0.000000,873.263000,14.948975
EggPlant,young,yes,0.000000,872.960022,10.188477
EggPlant,young,yes,0.000000,872.658020,11.548096
EggPlant,young,yes,0.000000,872.354980,3.667480
EggPlant,young,yes,0.000000,872.052979,18.147217
EggPlant,young,yes,0.000000,871.750000,4.226807
EggPlant,young,yes,0.000000,871.447021,4.346191
EggPlant,young,yes,0.000000,871.145020,14.985840
EggPlant,young,yes,0.000000,870.841980,5.465332
EggPlant,young,yes,0.000000,870.539001,4.745117
EggPlant,young,yes,0.000000,870.237000,16.144531
EggPlant,young,yes,0.000000,869.934021,7.944092
EggPlant,young,yes,0.000000,869.632019,11.943604
EggPlant,young,yes,0.000000,869.328979,8.463135
EggPlant,young,yes,0.000000,869.026001,6.702881
EggPlant,young,yes,0.000000,868.723999,10.782471
EggPlant,young,yes,0.000000,868.421021,7.701904
EggPlant,young,yes,0.000000,868.119019,0.301514
EggPlant,young,yes,0.000000,867.815979,18.180908
EggPlant,young,yes,0.000000,867.513000,23.500732
EggPlant,young,yes,0.000000,867.210999,22.140137
EggPlant,young,yes,0.000000,866.908020,24.379639
EggPlant,young,yes,0.000000,866.606018,12.179199
EggPlant,young,yes,0.000000,866.302979,2.898682
EggPlant,young,yes,0.000000,866.000000,6.818359
EggPlant,young,yes,0.000000,865.697998,8.337891
EggPlant,young,yes,0.000000,865.395020,8.537598
EggPlant,young,yes,0.000000,865.091980,23.977051
EggPlant,young,yes,0.000000,864.789978,7.936523
EggPlant,young,yes,0.000000,864.487000,4.736328
EggPlant,young,yes,0.000000,864.184998,11.575684
EggPlant,young,yes,0.000000,863.882019,3.975342
EggPlant,young,yes,0.000000,863.578979,7.014893
EggPlant,young,yes,0.000000,863.276978,11.934326
EggPlant,young,yes,0.000000,862.973999,8.573975
EggPlant,young,yes,0.000000,862.671997,9.213623
EggPlant,young,yes,0.000000,862.369019,15.133057
EggPlant,young,yes,0.000000,862.065979,13.132568
EggPlant,young,yes,0.000000,861.763977,1.652100
EggPlant,young,yes,0.000000,861.460999,8.491943
EggPlant,young,yes,0.000000,861.158020,12.971436
EggPlant,young,yes,0.000000,860.856018,14.730957
EggPlant,young,yes,0.000000,860.552979,12.050537
EggPlant,young,yes,0.000000,860.250977,19.050049
EggPlant,young,yes,0.000000,859.947998,10.649658
EggPlant,young,yes,0.000000,859.645020,7.529297
EggPlant,young,yes,0.000000,859.343018,3.968750
EggPlant,young,yes,0.000000,859.039978,11.528320
EggPlant,young,yes,0.000000,858.737976,6.807617
EggPlant,young,yes,0.000000,858.434998,16.167480
EggPlant,young,yes,0.000000,858.132019,11.007080
EggPlant,young,yes,0.000000,857.830017,5.406494
EggPlant,young,yes,0.000000,857.526978,7.085938
EggPlant,young,yes,0.000000,857.224976,0.000000
EggPlant,young,yes,0.000000,856.921997,16.125244
EggPlant,young,yes,0.000000,856.619019,7.764893
EggPlant,young,yes,0.000000,856.317017,0.000000
EggPlant,young,yes,0.000000,856.013977,6.163818
EggPlant,young,yes,0.000000,855.710999,9.523438
EggPlant,young,yes,0.000000,855.408997,10.443115
EggPlant,young,yes,0.000000,855.106018,13.522705
EggPlant,young,yes,0.000000,854.804016,6.162109
EggPlant,young,yes,0.000000,854.500977,0.000000
EggPlant,young,yes,0.000000,854.197998,1.001221
EggPlant,young,yes,0.000000,853.895996,0.000000
EggPlant,young,yes,0.000000,853.593018,6.040527
EggPlant,young,yes,0.000000,853.291016,2.319824
EggPlant,young,yes,0.000000,852.987976,11.959473
EggPlant,young,yes,0.000000,852.684998,12.479004
EggPlant,young,yes,0.000000,852.382996,10.478760
EggPlant,young,yes,0.000000,852.080017,12.238281
EggPlant,young,yes,0.000000,851.776978,10.797607
EggPlant,young,yes,0.000000,851.474976,5.197266
EggPlant,young,yes,0.000000,851.171997,8.316650
EggPlant,young,yes,0.000000,850.869995,30.436523
EggPlant,young,yes,0.000000,850.567017,26.476074
EggPlant,young,yes,0.000000,850.263977,10.915527
EggPlant,young,yes,0.000000,849.961975,14.755127
EggPlant,young,yes,0.000000,849.658997,11.274902
EggPlant,young,yes,0.000000,849.356995,14.674316
EggPlant,young,yes,0.000000,849.054016,3.153809
EggPlant,young,yes,0.000000,848.750977,5.673340
EggPlant,young,yes,0.000000,848.448975,10.952881
EggPlant,young,yes,0.000000,848.145996,14.592529
EggPlant,young,yes,0.000000,847.843994,16.552002
EggPlant,young,yes,0.000000,847.541016,19.671631
EggPlant,young,yes,0.000000,847.237976,8.191162
EggPlant,young,yes,0.000000,846.935974,17.910645
EggPlant,young,yes,0.000000,846.632996,14.750488
EggPlant,young,yes,0.000000,846.330017,16.109863
EggPlant,young,yes,0.000000,846.028015,9.549316
EggPlant,young,yes,0.000000,845.724976,7.548828
EggPlant,young,yes,0.000000,845.422974,14.268555
EggPlant,young,yes,0.000000,845.119995,9.588135
EggPlant,young,yes,0.000000,844.817017,8.227783
EggPlant,young,yes,0.000000,844.515015,5.667236
EggPlant,young,yes,0.000000,844.211975,8.346680
EggPlant,young,yes,0.000000,843.909973,11.746338
EggPlant,young,yes,0.000000,843.606995,10.105957
EggPlant,young,yes,0.000000,843.304016,18.065430
EggPlant,young,yes,0.000000,843.002014,10.625000
EggPlant,young,yes,0.000000,842.698975,5.744629
EggPlant,young,yes,0.000000,842.395996,5.583984
EggPlant,young,yes,0.000000,842.093994,0.143799
EggPlant,young,yes,0.000000,841.791016,17.463379
EggPlant,young,yes,0.000000,841.489014,8.262939
EggPlant,young,yes,0.000000,841.185974,8.542236
EggPlant,young,yes,0.000000,840.882996,12.541748
EggPlant,young,yes,0.000000,840.580994,0.000000
EggPlant,young,yes,0.000000,840.278015,11.461182
EggPlant,young,yes,0.000000,839.976013,0.000000
EggPlant,young,yes,0.000000,839.672974,8.460205
EggPlant,young,yes,0.000000,839.369995,6.019775
EggPlant,young,yes,0.000000,839.067993,9.179443
EggPlant,young,yes,0.000000,838.765015,3.298828
EggPlant,young,yes,0.000000,838.463013,8.458496
EggPlant,young,yes,0.000000,838.159973,15.297852
EggPlant,young,yes,0.000000,837.856995,13.177490
EggPlant,young,yes,0.000000,837.554993,11.457275
EggPlant,young,yes,0.000000,837.252014,15.816650
EggPlant,young,yes,0.000000,836.948975,5.576172
EggPlant,young,yes,0.000000,836.646973,3.495850
EggPlant,young,yes,0.000000,836.343994,10.015381
EggPlant,young,yes,0.000000,836.041992,13.135010
EggPlant,young,yes,0.000000,835.739014,6.614502
EggPlant,young,yes,0.000000,835.435974,15.414062
EggPlant,young,yes,0.000000,835.133972,10.973633
EggPlant,young,yes,0.000000,834.830994,20.812988
EggPlant,young,yes,0.000000,834.528992,17.252930
EggPlant,young,yes,0.000000,834.226013,11.812256
EggPlant,young,yes,0.000000,833.922974,1.851807
EggPlant,young,yes,0.000000,833.620972,8.971436
EggPlant,young,yes,0.000000,833.317993,14.450928
EggPlant,young,yes,0.000000,833.015015,6.690674
EggPlant,young,yes,0.000000,832.713013,12.410156
EggPlant,young,yes,0.000000,832.409973,14.409668
EggPlant,young,yes,0.000000,832.107971,11.209229
EggPlant,young,yes,0.000000,831.804993,19.968750
EggPlant,young,yes,0.000000,831.502014,9.608398
EggPlant,young,yes,0.000000,831.200012,10.847900
EggPlant,young,yes,0.000000,830.896973,8.727539
EggPlant,young,yes,0.000000,830.594971,21.886963
EggPlant,young,yes,0.000000,830.291992,9.046387
EggPlant,young,yes,0.000000,829.989014,11.086182
EggPlant,young,yes,0.000000,829.687012,1.765625
EggPlant,young,yes,0.000000,829.383972,4.245361
EggPlant,young,yes,0.000000,829.081970,6.164795
EggPlant,young,yes,0.000000,828.778992,12.684326
EggPlant,young,yes,0.000000,828.476013,10.323975
EggPlant,young,yes,0.000000,828.174011,21.923584
EggPlant,young,yes,0.000000,827.870972,10.163086
EggPlant,young,yes,0.000000,827.567993,14.242676
EggPlant,young,yes,0.000000,827.265991,19.162109
EggPlant,young,yes,0.000000,826.963013,15.081787
EggPlant,young,yes,0.000000,826.661011,8.841309
EggPlant,young,yes,0.000000,826.357971,11.040771
EggPlant,young,yes,0.000000,826.054993,20.240479
EggPlant,young,yes,0.000000,825.752991,12.079834
EggPlant,young,yes,0.000000,825.450012,13.079590
EggPlant,young,yes,0.000000,825.148010,16.879150
EggPlant,young,yes,0.000000,824.844971,9.798584
EggPlant,young,yes,0.000000,824.541992,9.838135
EggPlant,young,yes,0.000000,824.239990,12.917725
EggPlant,young,yes,0.000000,823.937012,13.557373
EggPlant,young,yes,0.000000,823.635010,16.076904
EggPlant,young,yes,0.000000,823.331970,22.756348
EggPlant,young,yes,0.000000,823.028992,18.476074
EggPlant,young,yes,0.000000,822.726990,16.795654
EggPlant,young,yes,0.000000,822.424011,11.235352
EggPlant,young,yes,0.000000,822.120972,5.314697
EggPlant,young,yes,0.000000,821.818970,4.194336
EggPlant,young,yes,0.000000,821.515991,1.953857
EggPlant,young,yes,0.000000,821.213989,5.273438
EggPlant,young,yes,0.000000,820.911011,13.113037
EggPlant,young,yes,0.000000,820.607971,8.072510
EggPlant,young,yes,0.000000,820.306030,13.312012
EggPlant,young,yes,0.000000,820.002991,20.591553
EggPlant,young,yes,0.000000,819.700989,15.271240
EggPlant,young,yes,0.000000,819.398010,12.150879
EggPlant,young,yes,0.000000,819.094971,11.150391
EggPlant,young,yes,0.000000,818.793030,10.349854
EggPlant,young,yes,0.000000,818.489990,8.709473
EggPlant,young,yes,0.000000,818.187012,10.789062
EggPlant,young,yes,0.000000,817.885010,11.828613
EggPlant,young,yes,0.000000,817.581970,7.348145
EggPlant,young,yes,0.000000,817.280029,16.627686
EggPlant,young,yes,0.000000,816.976990,12.067139
EggPlant,young,yes,0.000000,816.674011,19.187012
EggPlant,young,yes,0.000000,816.372009,15.226562
EggPlant,young,yes,0.000000,816.068970,19.345947
EggPlant,young,yes,0.000000,815.767029,16.945557
EggPlant,young,yes,0.000000,815.463989,18.665039
EggPlant,young,yes,0.000000,815.161011,18.864746
EggPlant,young,yes,0.000000,814.859009,17.584229
EggPlant,young,yes,0.000000,814.556030,21.303711
EggPlant,young,yes,0.000000,814.254028,17.143311
EggPlant,young,yes,0.000000,813.950989,5.622803
EggPlant,young,yes,0.000000,813.648010,12.502441
EggPlant,young,yes,0.000000,813.346008,8.422119
EggPlant,young,yes,0.000000,813.043030,14.301514
EggPlant,young,yes,0.000000,812.739990,10.101074
EggPlant,young,yes,0.000000,812.437988,0.000000
EggPlant,young,yes,0.000000,812.135010,3.620361
EggPlant,young,yes,0.000000,811.833008,4.499756
EggPlant,young,yes,0.000000,811.530029,12.339355
EggPlant,young,yes,0.000000,811.229980,12.138916
EggPlant,young,yes,0.000000,810.929993,9.098389
EggPlant,young,yes,0.000000,810.629028,5.898193
EggPlant,young,yes,0.000000,810.328979,18.217773
EggPlant,young,yes,0.000000,810.028992,12.977295
EggPlant,young,yes,0.000000,809.729004,6.016602
EggPlant,young,yes,0.000000,809.429016,14.496094
EggPlant,young,yes,0.000000,809.129028,13.456055
EggPlant,young,yes,0.000000,808.828003,8.895508
EggPlant,young,yes,0.000000,808.528015,17.455078
EggPlant,young,yes,0.000000,808.228027,16.374512
EggPlant,young,yes,0.000000,807.927979,20.854004
EggPlant,young,yes,0.000000,807.627991,18.653809
EggPlant,young,yes,0.000000,807.327026,14.853271
EggPlant,young,yes,0.000000,807.026978,13.532715
EggPlant,young,yes,0.000000,806.726990,15.492188
EggPlant,young,yes,0.000000,806.427002,20.451904
EggPlant,young,yes,0.000000,806.127014,20.411621
EggPlant,young,yes,0.000000,805.825989,10.250977
EggPlant,young,yes,0.000000,805.526001,15.090576
EggPlant,young,yes,0.000000,805.226013,14.650146
EggPlant,young,yes,0.000000,804.926025,4.769531
EggPlant,young,yes,0.000000,804.625977,14.369385
EggPlant,young,yes,0.000000,804.325989,19.368896
EggPlant,young,yes,0.000000,804.025024,11.368408
EggPlant,young,yes,0.000000,803.724976,17.208008
EggPlant,young,yes,0.000000,803.424988,16.367432
EggPlant,young,yes,0.000000,803.125000,23.247070
EggPlant,young,yes,0.000000,802.825012,10.686768
EggPlant,young,yes,0.000000,802.523987,13.046143
EggPlant,young,yes,0.000000,802.223999,18.725586
EggPlant,young,yes,0.000000,801.924011,17.685303
EggPlant,young,yes,0.000000,801.624023,15.405029
EggPlant,young,yes,0.000000,801.323975,15.284424
EggPlant,young,yes,0.000000,801.023010,16.483887
EggPlant,young,yes,0.000000,800.723022,17.963623
EggPlant,young,yes,0.000000,800.422974,26.083008
EggPlant,young,yes,0.000000,800.122986,22.722656
EggPlant,young,yes,0.000000,799.822998,15.962402
EggPlant,young,yes,0.000000,799.523010,2.721680
EggPlant,young,yes,0.000000,799.221985,16.281250
EggPlant,young,yes,0.000000,798.921997,12.080811
EggPlant,young,yes,0.000000,798.622009,18.360596
EggPlant,young,yes,0.000000,798.322021,12.920166
EggPlant,young,yes,0.000000,798.021973,16.119629
EggPlant,young,yes,0.000000,797.721008,20.919189
EggPlant,young,yes,0.000000,797.421021,19.318604
EggPlant,young,yes,0.000000,797.120972,19.718262
EggPlant,young,yes,0.000000,796.820984,14.797852
EggPlant,young,yes,0.000000,796.520996,28.037354
EggPlant,young,yes,0.000000,796.219971,10.036865
EggPlant,young,yes,0.000000,795.919983,17.596680
EggPlant,young,yes,0.000000,795.619995,21.116211
EggPlant,young,yes,0.000000,795.320007,21.075684
EggPlant,young,yes,0.000000,795.020020,23.755127
EggPlant,young,yes,0.000000,794.719971,22.754639
EggPlant,young,yes,0.000000,794.419006,21.714355
EggPlant,young,yes,0.000000,794.119019,13.313965
EggPlant,young,yes,0.000000,793.818970,17.913574
EggPlant,young,yes,0.000000,793.518982,17.712891
EggPlant,young,yes,0.000000,793.218994,18.432617
EggPlant,young,yes,0.000000,792.918030,11.072266
EggPlant,young,yes,0.000000,792.617981,22.711670
EggPlant,young,yes,0.000000,792.317993,21.431396
EggPlant,young,yes,0.000000,792.018005,14.350830
EggPlant,young,yes,0.000000,791.718018,11.830322
EggPlant,young,yes,0.000000,791.416992,16.229980
EggPlant,young,yes,0.000000,791.117004,11.309570
EggPlant,young,yes,0.000000,790.817017,19.229004
EggPlant,young,yes,0.000000,790.517029,13.988525
EggPlant,young,yes,0.000000,790.216980,18.508057
EggPlant,young,yes,0.000000,789.916992,15.507812
EggPlant,young,yes,0.000000,789.616028,11.507324
EggPlant,young,yes,0.000000,789.315979,16.947021
EggPlant,young,yes,0.000000,789.015991,25.066406
EggPlant,young,yes,0.000000,788.716003,24.906006
EggPlant,young,yes,0.000000,788.416016,13.825684
EggPlant,young,yes,0.000000,788.114990,15.025146
EggPlant,young,yes,0.000000,787.815002,13.864746
EggPlant,young,yes,0.000000,787.515015,21.304199
EggPlant,young,yes,0.000000,787.215027,22.263672
EggPlant,young,yes,0.000000,786.914978,24.663574
EggPlant,young,yes,0.000000,786.614014,16.863037
EggPlant,young,yes,0.000000,786.314026,18.782471
EggPlant,young,yes,0.000000,786.013977,22.701904
EggPlant,young,yes,0.000000,785.713989,23.461426
EggPlant,young,yes,0.000000,785.414001,13.581299
EggPlant,young,yes,0.000000,785.114014,9.620850
EggPlant,young,yes,0.000000,784.812988,18.420410
EggPlant,young,yes,0.000000,784.513000,9.459717
EggPlant,young,yes,0.000000,784.213013,10.739258
EggPlant,young,yes,0.000000,783.913025,12.218994
EggPlant,young,yes,0.000000,783.612976,14.498535
EggPlant,young,yes,0.000000,783.312012,23.978027
EggPlant,young,yes,0.000000,783.012024,19.217529
EggPlant,young,yes,0.000000,782.711975,20.617188
EggPlant,young,yes,0.000000,782.411987,13.016846
EggPlant,young,yes,0.000000,782.112000,29.376465
EggPlant,young,yes,0.000000,781.810974,0.455811
EggPlant,young,yes,0.000000,781.510986,17.575439
EggPlant,young,yes,0.000000,781.210999,17.854980
EggPlant,young,yes,0.000000,780.911011,15.374756
EggPlant,young,yes,0.000000,780.611023,16.894287
EggPlant,young,yes,0.000000,780.310974,20.573730
EggPlant,young,yes,0.000000,780.010010,16.693115
EggPlant,young,yes,0.000000,779.710022,9.572754
EggPlant,young,yes,0.000000,779.409973,17.212402
EggPlant,young,yes,0.000000,779.109985,11.412109
EggPlant,young,yes,0.000000,778.809998,16.731445
EggPlant,young,yes,0.000000,778.508972,24.611084
EggPlant,young,yes,0.000000,778.208984,10.890625
EggPlant,young,yes,0.000000,777.908997,23.730225
EggPlant,young,yes,0.000000,777.609009,10.529785
EggPlant,young,yes,0.000000,777.309021,15.489258
EggPlant,young,yes,0.000000,777.007996,21.848877
EggPlant,young,yes,0.000000,776.708008,12.928467
EggPlant,young,yes,0.000000,776.408020,18.728027
EggPlant,young,yes,0.000000,776.107971,18.247559
EggPlant,young,yes,0.000000,775.807983,23.527100
EggPlant,young,yes,0.000000,775.507996,15.806641
EggPlant,young,yes,0.000000,775.206970,10.446045
EggPlant,young,yes,0.000000,774.906982,15.525879
EggPlant,young,yes,0.000000,774.606995,23.245361
EggPlant,young,yes,0.000000,774.307007,18.524902
EggPlant,young,yes,0.000000,774.007019,18.524414
EggPlant,young,yes,0.000000,773.705994,15.043945
EggPlant,young,yes,0.000000,773.406006,22.523682
EggPlant,young,yes,0.000000,773.106018,25.523193
EggPlant,young,yes,0.000000,772.806030,25.122803
EggPlant,young,yes,0.000000,772.505981,16.962158
EggPlant,young,yes,0.000000,772.205017,18.561768
EggPlant,young,yes,0.000000,771.905029,11.961426
EggPlant,young,yes,0.000000,771.604980,14.601074
EggPlant,young,yes,0.000000,771.304993,23.400635
EggPlant,young,yes,0.000000,771.005005,24.760010
EggPlant,young,yes,0.000000,770.705017,19.839600
EggPlant,young,yes,0.000000,770.403992,24.639404
EggPlant,young,yes,0.000000,770.104004,20.518799
EggPlant,young,yes,0.000000,769.804016,16.358398
EggPlant,young,yes,0.000000,769.504028,17.117920
EggPlant,young,yes,0.000000,769.203979,15.437256
EggPlant,young,yes,0.000000,768.903015,23.957031
EggPlant,young,yes,0.000000,768.603027,17.796631
EggPlant,young,yes,0.000000,768.302979,21.396240
EggPlant,young,yes,0.000000,768.002991,24.835693
EggPlant,young,yes,0.000000,767.703003,21.875488
EggPlant,young,yes,0.000000,767.401978,24.234863
EggPlant,young,yes,0.000000,767.101990,17.034424
EggPlant,young,yes,0.000000,766.802002,4.513916
EggPlant,young,yes,0.000000,766.502014,20.073486
EggPlant,young,yes,0.000000,766.202026,15.353271
EggPlant,young,yes,0.000000,765.901978,4.192627
EggPlant,young,yes,0.000000,765.601013,10.752197
EggPlant,young,yes,0.000000,765.301025,12.911865
EggPlant,young,yes,0.000000,765.000977,16.311279
EggPlant,young,yes,0.000000,764.700989,23.311035
EggPlant,young,yes,0.000000,764.401001,28.470459
EggPlant,young,yes,0.000000,764.099976,29.790039
EggPlant,young,yes,0.000000,763.799988,28.709473
EggPlant,young,yes,0.000000,763.500000,10.389160
EggPlant,young,yes,0.000000,763.205017,18.548828
EggPlant,young,yes,0.000000,762.909973,16.548340
EggPlant,young,yes,0.000000,762.614990,25.147949
EggPlant,young,yes,0.000000,762.320007,20.227295
EggPlant,young,yes,0.000000,762.025024,15.346924
EggPlant,young,yes,0.000000,761.729980,26.666504
EggPlant,young,yes,0.000000,761.434998,27.186035
EggPlant,young,yes,0.000000,761.140015,10.025635
EggPlant,young,yes,0.000000,760.844971,14.065186
EggPlant,young,yes,0.000000,760.549988,10.264648
EggPlant,young,yes,0.000000,760.255005,11.744385
EggPlant,young,yes,0.000000,759.960022,14.943848
EggPlant,young,yes,0.000000,759.664978,10.463379
EggPlant,young,yes,0.000000,759.369995,18.863037
EggPlant,young,yes,0.000000,759.075012,15.622559
EggPlant,young,yes,0.000000,758.780029,27.342285
EggPlant,young,yes,0.000000,758.484985,27.061768
EggPlant,young,yes,0.000000,758.190002,17.861328
EggPlant,young,yes,0.000000,757.895020,20.220703
EggPlant,young,yes,0.000000,757.599976,30.740234
EggPlant,young,yes,0.000000,757.304993,21.659912
EggPlant,young,yes,0.000000,757.010010,21.579590
EggPlant,young,yes,0.000000,756.716003,18.658936
EggPlant,young,yes,0.000000,756.421021,20.578613
EggPlant,young,yes,0.000000,756.125977,7.338135
EggPlant,young,yes,0.000000,755.830994,17.777832
EggPlant,young,yes,0.000000,755.536011,17.097412
EggPlant,young,yes,0.000000,755.241028,17.336914
EggPlant,young,yes,0.000000,754.945984,26.016357
EggPlant,young,yes,0.000000,754.651001,12.775879
EggPlant,young,yes,0.000000,754.356018,18.055664
EggPlant,young,yes,0.000000,754.060974,16.055176
EggPlant,young,yes,0.000000,753.765991,18.374756
EggPlant,young,yes,0.000000,753.471008,23.214111
EggPlant,young,yes,0.000000,753.176025,18.573730
EggPlant,young,yes,0.000000,752.880981,21.933350
EggPlant,young,yes,0.000000,752.585999,26.492920
EggPlant,young,yes,0.000000,752.291016,18.812500
EggPlant,young,yes,0.000000,751.995972,6.892090
EggPlant,young,yes,0.000000,751.700989,23.771484
EggPlant,young,yes,0.000000,751.406006,16.051270
EggPlant,young,yes,0.000000,751.111023,24.250732
EggPlant,young,yes,0.000000,750.815979,19.090332
EggPlant,young,yes,0.000000,750.520996,11.209717
EggPlant,young,yes,0.000000,750.226013,15.729248
EggPlant,young,yes,0.000000,749.931030,19.129150
EggPlant,young,yes,0.000000,749.635986,25.168457
EggPlant,young,yes,0.000000,749.341003,28.447998
EggPlant,young,yes,0.000000,749.046021,20.887695
EggPlant,young,yes,0.000000,748.750977,9.887207
EggPlant,young,yes,0.000000,748.455994,20.766846
EggPlant,young,yes,0.000000,748.161011,15.326416
EggPlant,young,yes,0.000000,747.866028,27.605957
EggPlant,young,yes,0.000000,747.570984,28.005371
EggPlant,young,yes,0.000000,747.276001,21.204834
EggPlant,young,yes,0.000000,746.981018,11.564697
EggPlant,young,yes,0.000000,746.685974,17.004150
EggPlant,young,yes,0.000000,746.390991,19.443604
EggPlant,young,yes,0.000000,746.096008,26.603271
EggPlant,young,yes,0.000000,745.801025,15.402588
EggPlant,young,yes,0.000000,745.505981,14.602539
EggPlant,young,yes,0.000000,745.210999,26.921875
EggPlant,young,yes,0.000000,744.916016,17.681396
EggPlant,young,yes,0.000000,744.620972,16.480957
EggPlant,young,yes,0.000000,744.325989,17.000488
EggPlant,young,yes,0.000000,744.031006,8.720215
EggPlant,young,yes,0.000000,743.736023,13.879883
EggPlant,young,yes,0.000000,743.442017,14.559326
EggPlant,young,yes,0.000000,743.146973,18.798828
EggPlant,young,yes,0.000000,742.851990,20.398193
EggPlant,young,yes,0.000000,742.557007,24.758057
EggPlant,young,yes,0.000000,742.262024,22.637451
EggPlant,young,yes,0.000000,741.966980,17.197021
EggPlant,young,yes,0.000000,741.671997,19.236572
EggPlant,young,yes,0.000000,741.377014,19.356445
EggPlant,young,yes,0.000000,741.081970,19.715820
EggPlant,young,yes,0.000000,740.786987,17.515381
EggPlant,young,yes,0.000000,740.492004,16.834961
EggPlant,young,yes,0.000000,740.197021,23.994385
EggPlant,young,yes,0.000000,739.901978,28.754150
EggPlant,young,yes,0.000000,739.606995,23.113770
EggPlant,young,yes,0.000000,739.312012,22.273193
EggPlant,young,yes,0.000000,739.017029,15.272705
EggPlant,young,yes,0.000000,738.721985,12.392090
EggPlant,young,yes,0.000000,738.427002,18.832031
EggPlant,young,yes,0.000000,738.132019,26.631348
EggPlant,young,yes,0.000000,737.836975,22.910889
EggPlant,young,yes,0.000000,737.541992,26.830566
EggPlant,young,yes,0.000000,737.247009,4.389893
EggPlant,young,yes,0.000000,736.952026,19.909668
EggPlant,young,yes,0.000000,736.656982,25.829346
EggPlant,young,yes,0.000000,736.362000,25.068848
EggPlant,young,yes,0.000000,736.067017,21.348389
EggPlant,young,yes,0.000000,735.771973,20.627686
EggPlant,young,yes,0.000000,735.476990,20.227539
EggPlant,young,yes,0.000000,735.182007,25.386963
EggPlant,young,yes,0.000000,734.887024,21.266602
EggPlant,young,yes,0.000000,734.591980,18.625977
EggPlant,young,yes,0.000000,734.296997,26.225586
EggPlant,young,yes,0.000000,734.002014,12.865479
EggPlant,young,yes,0.000000,733.706970,23.424805
EggPlant,young,yes,0.000000,733.411987,30.504395
EggPlant,young,yes,0.000000,733.117004,24.143799
EggPlant,young,yes,0.000000,732.822021,25.663330
EggPlant,young,yes,0.000000,732.526978,15.543213
EggPlant,young,yes,0.000000,732.231995,21.062744
EggPlant,young,yes,0.000000,731.937012,16.382080
EggPlant,young,yes,0.000000,731.642029,15.101807
EggPlant,young,yes,0.000000,731.346985,11.701172
EggPlant,young,yes,0.000000,731.052002,18.020996
EggPlant,young,yes,0.000000,730.757019,21.460449
EggPlant,young,yes,0.000000,730.461975,15.260010
EggPlant,young,yes,0.000000,730.166992,22.379395
EggPlant,young,yes,0.000000,729.872986,28.579102
EggPlant,young,yes,0.000000,729.578003,27.658691
EggPlant,young,yes,0.000000,729.283020,19.058350
EggPlant,young,yes,0.000000,728.987976,25.377686
EggPlant,young,yes,0.000000,728.692993,25.017334
EggPlant,young,yes,0.000000,728.398010,27.776855
EggPlant,young,yes,0.000000,728.103027,24.456543
EggPlant,young,yes,0.000000,727.807983,29.135986
EggPlant,young,yes,0.000000,727.513000,21.975586
EggPlant,young,yes,0.000000,727.218018,13.135010
EggPlant,young,yes,0.000000,726.922974,24.974609
EggPlant,young,yes,0.000000,726.627991,14.534424
EggPlant,young,yes,0.000000,726.333008,20.893799
EggPlant,young,yes,0.000000,726.038025,16.253418
EggPlant,young,yes,0.000000,725.742981,13.292969
EggPlant,young,yes,0.000000,725.447998,20.292480
EggPlant,young,yes,0.000000,725.153015,20.132080
EggPlant,young,yes,0.000000,724.857971,20.971680
EggPlant,young,yes,0.000000,724.562988,28.891113
EggPlant,young,yes,0.000000,724.268005,32.330811
EggPlant,young,yes,0.000000,723.973022,27.730225
EggPlant,young,yes,0.000000,723.677979,17.530029
EggPlant,young,yes,0.000000,723.382996,26.329590
EggPlant,young,yes,0.000000,723.088013,26.529053
EggPlant,young,yes,0.000000,722.793030,14.768555
EggPlant,young,yes,0.000000,722.497986,7.568115
EggPlant,young,yes,0.000000,722.203003,22.527832
EggPlant,young,yes,0.000000,721.908020,25.047363
EggPlant,young,yes,0.000000,721.612976,14.086914
EggPlant,young,yes,0.000000,721.317993,10.246338
EggPlant,young,yes,0.000000,721.023010,21.645752
EggPlant,young,yes,0.000000,720.728027,17.285645
EggPlant,young,yes,0.000000,720.432983,22.725098
EggPlant,young,yes,0.000000,720.138000,21.404541
EggPlant,young,yes,0.000000,719.843018,17.964111
EggPlant,young,yes,0.000000,719.547974,25.443604
EggPlant,young,yes,0.000000,719.252991,16.523438
EggPlant,young,yes,0.000000,718.958008,21.882812
EggPlant,young,yes,0.000000,718.663025,16.922363
EggPlant,young,yes,0.000000,718.367981,29.082031
EggPlant,young,yes,0.000000,718.072998,28.681396
EggPlant,young,yes,0.000000,717.778015,31.001221
EggPlant,young,yes,0.000000,717.482971,23.760742
EggPlant,young,yes,0.000000,717.187988,15.680176
EggPlant,young,yes,0.000000,716.893005,22.839844
EggPlant,young,yes,0.000000,716.598022,24.639160
EggPlant,young,yes,0.000000,716.304016,19.638916
EggPlant,young,yes,0.000000,716.008972,21.998535
EggPlant,young,yes,0.000000,715.713989,28.518066
EggPlant,young,yes,0.000000,715.419006,19.517578
EggPlant,young,yes,0.000000,715.124023,8.277344
EggPlant,young,yes,0.000000,714.828979,21.836914
EggPlant,young,yes,0.000000,714.533997,20.996338
EggPlant,young,yes,0.000000,714.239014,24.275879
EggPlant,young,yes,0.000000,713.943970,16.555420
EggPlant,young,yes,0.000000,713.648987,18.114990
EggPlant,young,yes,0.000000,713.354004,31.394531
EggPlant,young,yes,0.000000,713.059021,23.994141
EggPlant,young,yes,0.000000,712.763977,18.713623
EggPlant,young,yes,0.000000,712.468994,14.433105
EggPlant,young,yes,0.000000,712.174011,16.472900
EggPlant,young,yes,0.000000,711.879028,29.632324
EggPlant,young,yes,0.000000,711.583984,14.832031
EggPlant,young,yes,0.000000,711.289001,29.191406
EggPlant,young,yes,0.000000,710.994019,29.230957
EggPlant,young,yes,0.000000,710.698975,17.670654
EggPlant,young,yes,0.000000,710.403992,11.950195
EggPlant,young,yes,0.000000,710.109009,15.549805
EggPlant,young,yes,0.000000,709.814026,22.309326
EggPlant,young,yes,0.000000,709.518982,26.788818
EggPlant,young,yes,0.000000,709.223999,17.508545
EggPlant,young,yes,0.000000,708.929016,21.107910
EggPlant,young,yes,0.000000,708.633972,28.507568
EggPlant,young,yes,0.000000,708.338989,21.787109
EggPlant,young,yes,0.000000,708.044006,8.946533
EggPlant,young,yes,0.000000,707.749023,20.386230
EggPlant,young,yes,0.000000,707.453979,30.545898
EggPlant,young,yes,0.000000,707.158997,25.145264
EggPlant,young,yes,0.000000,706.864014,30.504883
EggPlant,young,yes,0.000000,706.568970,19.464355
EggPlant,young,yes,0.000000,706.273987,16.744141
EggPlant,young,yes,0.000000,705.979004,29.183594
EggPlant,young,yes,0.000000,705.684021,25.703125
EggPlant,young,yes,0.000000,705.388977,26.782715
EggPlant,young,yes,0.000000,705.093994,27.822266
EggPlant,young,yes,0.000000,704.799011,16.062012
EggPlant,young,yes,0.000000,704.504028,26.261475
EggPlant,young,yes,0.000000,704.208984,20.700928
EggPlant,young,yes,0.000000,703.914001,26.380371
EggPlant,young,yes,0.000000,703.619019,28.540039
EggPlant,young,yes,0.000000,703.323975,36.579590
EggPlant,young,yes,0.000000,703.030029,35.739258
EggPlant,young,yes,0.000000,702.734985,21.218750
EggPlant,young,yes,0.000000,702.440002,34.698242
EggPlant,young,yes,0.000000,702.145020,28.337646
EggPlant,young,yes,0.000000,701.849976,33.417480
EggPlant,young,yes,0.000000,701.554993,25.656982
EggPlant,young,yes,0.000000,701.260010,25.656494
EggPlant,young,yes,0.000000,700.965027,26.816162
EggPlant,young,yes,0.000000,700.669983,28.255615
EggPlant,young,yes,0.000000,700.375000,25.175293
EggPlant,young,yes,0.000000,700.080017,20.694824
EggPlant,young,yes,0.000000,699.784973,33.654297
EggPlant,young,yes,0.000000,699.489990,30.453857
EggPlant,young,yes,0.000000,699.195007,29.493408
EggPlant,young,yes,0.000000,698.900024,37.773193
EggPlant,young,yes,0.000000,698.604980,27.252686
EggPlant,young,yes,0.000000,698.309998,27.092041
EggPlant,young,yes,0.000000,698.015015,37.891602
EggPlant,young,yes,0.000000,697.719971,35.251221
EggPlant,young,yes,0.000000,697.424988,28.490967
EggPlant,young,yes,0.000000,697.130005,35.050537
EggPlant,young,yes,0.000000,696.835022,23.689941
EggPlant,young,yes,0.000000,696.539978,37.649414
EggPlant,young,yes,0.000000,696.252014,17.448975
EggPlant,young,yes,0.000000,695.963989,27.128662
EggPlant,young,yes,0.000000,695.676025,19.448242
EggPlant,young,yes,0.000000,695.387024,25.327637
EggPlant,young,yes,0.000000,695.098999,21.847168
EggPlant,young,yes,0.000000,694.810974,31.046875
EggPlant,young,yes,0.000000,694.523010,21.926514
EggPlant,young,yes,0.000000,694.234985,20.686035
EggPlant,young,yes,0.000000,693.947021,21.685547
EggPlant,young,yes,0.000000,693.658997,27.564941
EggPlant,young,yes,0.000000,693.369995,26.884521
EggPlant,young,yes,0.000000,693.081970,8.204346
EggPlant,young,yes,0.000000,692.794006,14.003906
EggPlant,young,yes,0.000000,692.505981,16.803467
EggPlant,young,yes,0.000000,692.218018,15.282959
EggPlant,young,yes,0.000000,691.929993,23.682373
EggPlant,young,yes,0.000000,691.642029,12.922119
EggPlant,young,yes,0.000000,691.353027,15.601562
EggPlant,young,yes,0.000000,691.065002,9.841064
EggPlant,young,yes,0.000000,690.776978,10.160645
EggPlant,young,yes,0.000000,690.489014,14.400146
EggPlant,young,yes,0.000000,690.200989,24.679932
EggPlant,young,yes,0.000000,689.913025,19.959473
EggPlant,young,yes,0.000000,689.625000,20.398926
EggPlant,young,yes,0.000000,689.335999,21.838379
EggPlant,young,yes,0.000000,689.047974,13.358154
EggPlant,young,yes,0.000000,688.760010,19.837646
EggPlant,young,yes,0.000000,688.471985,17.677246
EggPlant,young,yes,0.000000,688.184021,20.196777
EggPlant,young,yes,0.000000,687.895996,20.356201
EggPlant,young,yes,0.000000,687.607971,14.115967
EggPlant,young,yes,0.000000,687.318970,15.315430
EggPlant,young,yes,0.000000,687.031006,22.594971
EggPlant,young,yes,0.000000,686.742981,30.434570
EggPlant,young,yes,0.000000,686.455017,26.553955
EggPlant,young,yes,0.000000,686.166992,15.633789
EggPlant,young,yes,0.000000,685.879028,22.353271
EggPlant,young,yes,0.000000,685.591003,20.112793
EggPlant,young,yes,0.000000,685.302002,20.792480
EggPlant,young,yes,0.000000,685.013977,18.911865
EggPlant,young,yes,0.000000,684.726013,24.631592
EggPlant,young,yes,0.000000,684.437988,9.951172
EggPlant,young,yes,0.000000,684.150024,18.510742
EggPlant,young,yes,0.000000,683.862000,16.190186
EggPlant,young,yes,0.000000,683.572998,18.309570
EggPlant,young,yes,0.000000,683.284973,22.749512
EggPlant,young,yes,0.000000,682.997009,15.229004
EggPlant,young,yes,0.000000,682.708984,21.868408
EggPlant,young,yes,0.000000,682.421021,27.268066
EggPlant,young,yes,0.000000,682.132996,20.867432
EggPlant,young,yes,0.000000,681.844971,16.987305
EggPlant,young,yes,0.000000,681.556030,31.906738
EggPlant,young,yes,0.000000,681.268005,19.346191
EggPlant,young,yes,0.000000,680.979980,24.105713
EggPlant,young,yes,0.000000,680.692017,18.345215
EggPlant,young,yes,0.000000,680.403992,16.185059
EggPlant,young,yes,0.000000,680.116028,12.544434
EggPlant,young,yes,0.000000,679.828003,19.104004
EggPlant,young,yes,0.000000,679.539001,20.303467
EggPlant,young,yes,0.000000,679.250977,19.103027
EggPlant,young,yes,0.000000,678.963013,15.542725
EggPlant,young,yes,0.000000,678.674988,16.422363
EggPlant,young,yes,0.000000,678.387024,26.141846
EggPlant,young,yes,0.000000,678.098999,15.821289
EggPlant,young,yes,0.000000,677.810974,16.660889
EggPlant,young,yes,0.000000,677.521973,23.820557
EggPlant,young,yes,0.000000,677.234009,20.700195
EggPlant,young,yes,0.000000,676.945984,22.659668
EggPlant,young,yes,0.000000,676.658020,20.059082
EggPlant,young,yes,0.000000,676.369995,28.418701
EggPlant,young,yes,0.000000,676.081970,20.338379
EggPlant,young,yes,0.000000,675.794006,22.337891
EggPlant,young,yes,0.000000,675.505005,20.537354
EggPlant,young,yes,0.000000,675.216980,19.296875
EggPlant,young,yes,0.000000,674.929016,15.416504
EggPlant,young,yes,0.000000,674.640991,20.216309
EggPlant,young,yes,0.000000,674.353027,21.335693
EggPlant,young,yes,0.000000,674.065002,23.335205
EggPlant,young,yes,0.000000,673.776978,20.574707
EggPlant,young,yes,0.000000,673.487976,19.534180
EggPlant,young,yes,0.000000,673.200012,19.014160
EggPlant,young,yes,0.000000,672.911987,28.533447
EggPlant,young,yes,0.000000,672.624023,27.052979
EggPlant,young,yes,0.000000,672.335999,18.972656
EggPlant,young,yes,0.000000,672.047974,27.531982
EggPlant,young,yes,0.000000,671.760010,14.331787
EggPlant,young,yes,0.000000,671.471008,19.171387
EggPlant,young,yes,0.000000,671.182983,20.250977
EggPlant,young,yes,0.000000,670.895020,25.930420
EggPlant,young,yes,0.000000,670.606995,33.010010
EggPlant,young,yes,0.000000,670.318970,19.049561
EggPlant,young,yes,0.000000,670.031006,21.809082
EggPlant,young,yes,0.000000,669.742981,24.688721
EggPlant,young,yes,0.000000,669.453979,26.888184
EggPlant,young,yes,0.000000,669.166016,16.647705
EggPlant,young,yes,0.000000,668.877991,26.327393
EggPlant,young,yes,0.000000,668.590027,23.687012
EggPlant,young,yes,0.000000,668.302002,18.166504
EggPlant,young,yes,0.000000,668.013977,16.246094
EggPlant,young,yes,0.000000,667.726013,26.365479
EggPlant,young,yes,0.000000,667.437012,22.685303
EggPlant,young,yes,0.000000,667.148987,23.524658
EggPlant,young,yes,0.000000,666.861023,24.364258
EggPlant,young,yes,0.000000,666.572998,13.923828
EggPlant,young,yes,0.000000,666.284973,19.243408
EggPlant,young,yes,0.000000,665.997009,24.282959
EggPlant,young,yes,0.000000,665.708984,20.762695
EggPlant,young,yes,0.000000,665.419983,31.362061
EggPlant,young,yes,0.000000,665.132019,26.441650
EggPlant,young,yes,0.000000,664.843994,9.001221
EggPlant,young,yes,0.000000,664.556030,22.760986
EggPlant,young,yes,0.000000,664.268005,8.240479
EggPlant,young,yes,0.000000,663.979980,28.799805
EggPlant,young,yes,0.000000,663.692017,16.559326
EggPlant,young,yes,0.000000,663.403015,13.079102
EggPlant,young,yes,0.000000,663.114990,21.398682
EggPlant,young,yes,0.000000,662.827026,27.518066
EggPlant,young,yes,0.000000,662.539001,22.677734
EggPlant,young,yes,0.000000,662.250977,10.157227
EggPlant,young,yes,0.000000,661.963013,2.596924
EggPlant,young,yes,0.000000,661.674988,14.796387
EggPlant,young,yes,0.000000,661.385986,23.595947
EggPlant,young,yes,0.000000,661.098022,22.755615
EggPlant,young,yes,0.000000,660.809998,22.955078
EggPlant,young,yes,0.000000,660.521973,12.994873
EggPlant,young,yes,0.000000,660.234009,10.474365
EggPlant,young,yes,0.000000,659.945984,10.553711
EggPlant,young,yes,0.000000,659.656982,18.553223
EggPlant,young,yes,0.000000,659.369019,24.872803
EggPlant,young,yes,0.000000,659.080994,23.992676
EggPlant,young,yes,0.000000,658.793030,25.072021
EggPlant,young,yes,0.000000,658.505005,27.791504
EggPlant,young,yes,0.000000,658.216980,23.831055
EggPlant,young,yes,0.000000,657.929016,31.790527
EggPlant,young,yes,0.000000,657.640015,21.390381
EggPlant,young,yes,0.000000,657.351990,17.029785
EggPlant,young,yes,0.000000,657.064026,18.789307
EggPlant,young,yes,0.000000,656.776001,11.788818
EggPlant,young,yes,0.000000,656.487976,20.188477
EggPlant,young,yes,0.000000,656.200012,24.708252
EggPlant,young,yes,0.000000,655.911987,23.507568
EggPlant,young,yes,0.000000,655.622986,19.627197
EggPlant,young,yes,0.000000,655.335022,22.786621
EggPlant,young,yes,0.000000,655.046997,23.266113
EggPlant,young,yes,0.000000,654.758972,28.986084
EggPlant,young,yes,0.000000,654.471008,27.825439
EggPlant,young,yes,0.000000,654.182983,22.145020
EggPlant,young,yes,0.000000,653.895020,18.824463
EggPlant,young,yes,0.000000,653.606018,21.503906
EggPlant,young,yes,0.000000,653.317993,19.063721
EggPlant,young,yes,0.000000,653.030029,22.863281
EggPlant,young,yes,0.000000,652.742004,40.382812
EggPlant,young,yes,0.000000,652.453979,28.062256
EggPlant,young,yes,0.000000,652.166016,28.621826
EggPlant,young,yes,0.000000,651.877991,27.221680
EggPlant,young,yes,0.000000,651.588989,24.901123
EggPlant,young,yes,0.000000,651.301025,17.060547
EggPlant,young,yes,0.000000,651.013000,10.220215
EggPlant,young,yes,0.000000,650.724976,19.979736
EggPlant,young,yes,0.000000,650.437012,24.179443
EggPlant,young,yes,0.000000,650.148987,14.218994
EggPlant,young,yes,0.000000,649.861023,12.218506
EggPlant,young,yes,0.000000,649.572021,23.417969
EggPlant,young,yes,0.000000,649.283997,21.057373
EggPlant,young,yes,0.000000,648.995972,28.937256
EggPlant,young,yes,0.000000,648.708008,30.856689
EggPlant,young,yes,0.000000,648.419983,24.576172
EggPlant,young,yes,0.000000,648.132019,20.295654
EggPlant,young,yes,0.000000,647.843994,28.375244
EggPlant,young,yes,0.000000,647.554993,21.614990
EggPlant,young,yes,0.000000,647.267029,18.734619
EggPlant,young,yes,0.000000,646.979004,23.654053
EggPlant,young,yes,0.000000,646.690979,12.933594
EggPlant,young,yes,0.000000,646.403015,17.572998
EggPlant,young,yes,0.000000,646.114990,19.452881
EggPlant,young,yes,0.000000,645.827026,30.452393
EggPlant,young,yes,0.000000,645.538025,22.891846
EggPlant,young,yes,0.000000,645.250000,26.291260
EggPlant,young,yes,0.000000,644.961975,33.970947
EggPlant,young,yes,0.000000,644.674011,24.010498
EggPlant,young,yes,0.000000,644.385986,18.450195
EggPlant,young,yes,0.000000,644.098022,25.449707
EggPlant,young,yes,0.000000,643.809998,11.689209
EggPlant,young,yes,0.000000,643.520996,19.608643
EggPlant,young,yes,0.000000,643.232971,24.328369
EggPlant,young,yes,0.000000,642.945007,31.287842
EggPlant,young,yes,0.000000,642.656982,22.207520
EggPlant,young,yes,0.000000,642.369019,21.207031
EggPlant,young,yes,0.000000,642.080994,26.406494
EggPlant,young,yes,0.000000,641.793030,24.686279
EggPlant,young,yes,0.000000,641.504028,18.285645
EggPlant,young,yes,0.000000,641.216003,20.685303
EggPlant,young,yes,0.000000,640.927979,25.924805
EggPlant,young,yes,0.000000,640.640015,20.044189
EggPlant,young,yes,0.000000,640.351990,29.884033
EggPlant,young,yes,0.000000,640.064026,17.283447
EggPlant,young,yes,0.000000,639.776001,26.762939
EggPlant,young,yes,0.000000,639.487000,30.922607
EggPlant,young,yes,0.000000,639.198975,37.041992
EggPlant,young,yes,0.000000,638.911011,33.921875
EggPlant,young,yes,0.000000,638.622986,21.961426
EggPlant,young,yes,0.000000,638.335022,28.720947
EggPlant,young,yes,0.000000,638.046997,24.160400
EggPlant,young,yes,0.000000,637.758972,25.079834
EggPlant,young,yes,0.000000,637.469971,21.239502
EggPlant,young,yes,0.000000,637.182007,12.439209
EggPlant,young,yes,0.000000,636.893982,29.358643
EggPlant,young,yes,0.000000,636.606018,23.198242
EggPlant,young,yes,0.000000,636.317993,18.117920
EggPlant,young,yes,0.000000,636.030029,23.357422
EggPlant,young,yes,0.000000,635.741028,27.036865
EggPlant,young,yes,0.000000,635.453003,22.956543
EggPlant,young,yes,0.000000,635.164978,21.635986
EggPlant,young,yes,0.000000,634.877014,16.475586
EggPlant,young,yes,0.000000,634.588989,20.155273
EggPlant,young,yes,0.000000,634.301025,25.954834
EggPlant,young,yes,0.000000,634.013000,30.074219
EggPlant,young,yes,0.000000,633.723999,22.873779
EggPlant,young,yes,0.000000,633.435974,11.313477
EggPlant,young,yes,0.000000,633.148010,21.353027
EggPlant,young,yes,0.000000,632.859985,23.072510
EggPlant,young,yes,0.000000,632.572021,21.031982
EggPlant,young,yes,0.000000,632.283997,25.191650
EggPlant,young,yes,0.000000,631.995972,26.511230
EggPlant,young,yes,0.000000,631.706970,27.550781
EggPlant,young,yes,0.000000,631.419006,24.950439
EggPlant,young,yes,0.000000,631.130981,29.789795
EggPlant,young,yes,0.000000,630.843018,29.909424
EggPlant,young,yes,0.000000,630.554993,30.229004
EggPlant,young,yes,0.000000,630.267029,30.828613
EggPlant,young,yes,0.000000,629.979004,16.228027
EggPlant,young,yes,0.000000,629.690002,18.187744
EggPlant,young,yes,0.000000,629.401978,15.387207
EggPlant,young,yes,0.000000,629.114014,24.146973
EggPlant,young,yes,0.000000,628.825989,30.466309
EggPlant,young,yes,0.000000,628.538025,23.225830
EggPlant,young,yes,0.000000,628.250000,16.385498
EggPlant,young,yes,0.000000,627.961975,21.744873
EggPlant,young,yes,0.000000,627.672974,21.024658
EggPlant,young,yes,0.000000,627.385010,34.104248
EggPlant,young,yes,0.000000,627.096985,22.903809
EggPlant,young,yes,0.000000,626.809021,19.023193
EggPlant,young,yes,0.000000,626.520996,27.422852
EggPlant,young,yes,0.000000,626.232971,29.822510
EggPlant,young,yes,0.000000,625.945007,29.102051
EggPlant,young,yes,0.000000,625.656006,33.221436
EggPlant,young,yes,0.000000,625.367981,17.020996
EggPlant,young,yes,0.000000,625.080017,34.340576
EggPlant,young,yes,0.000000,624.791992,31.460205
EggPlant,young,yes,0.000000,624.504028,29.099854
EggPlant,young,yes,0.000000,624.216003,33.059326
EggPlant,young,yes,0.000000,623.927979,37.698975
EggPlant,young,yes,0.000000,623.638977,38.898438
EggPlant,young,yes,0.000000,623.351013,32.298096
EggPlant,young,yes,0.000000,623.062988,41.817627
EggPlant,young,yes,0.000000,622.775024,40.577148
EggPlant,young,yes,0.000000,622.487000,35.336670
EggPlant,young,yes,0.000000,622.198975,38.216064
EggPlant,young,yes,0.000000,621.911011,39.975830
EggPlant,young,yes,0.000000,621.622009,39.855469
EggPlant,young,yes,0.000000,621.333984,49.974854
EggPlant,young,yes,0.000000,621.046021,29.894531
EggPlant,young,yes,0.000000,620.757996,47.013916
EggPlant,young,yes,0.000000,620.469971,51.133789
EggPlant,young,yes,0.000000,620.182007,38.733154
EggPlant,young,yes,0.000000,619.893982,41.732666
EggPlant,young,yes,0.000000,619.604980,36.052246
EggPlant,young,yes,0.000000,619.317017,43.131836
EggPlant,young,yes,0.000000,619.028992,34.811523
EggPlant,young,yes,0.000000,618.741028,29.531006
EggPlant,young,yes,0.000000,618.453003,31.570557
EggPlant,young,yes,0.000000,618.164978,36.489990
EggPlant,young,yes,0.000000,617.877014,34.649658
EggPlant,young,yes,0.000000,617.588013,38.369385
EggPlant,young,yes,0.000000,617.299988,45.888916
EggPlant,young,yes,0.000000,617.012024,53.288330
EggPlant,young,yes,0.000000,616.723999,47.647949
EggPlant,young,yes,0.000000,616.435974,46.007324
EggPlant,young,yes,0.000000,616.148010,43.567139
EggPlant,young,yes,0.000000,615.859985,37.926758
EggPlant,young,yes,0.000000,615.570984,34.686279
EggPlant,young,yes,0.000000,615.283020,43.845703
EggPlant,young,yes,0.000000,614.994995,37.885254
EggPlant,young,yes,0.000000,614.706970,43.364990
EggPlant,young,yes,0.000000,614.419006,44.484375
EggPlant,young,yes,0.000000,614.130981,43.243896
EggPlant,young,yes,0.000000,613.843018,48.843506
EggPlant,young,yes,0.000000,613.554016,43.042969
EggPlant,young,yes,0.000000,613.265991,38.722656
EggPlant,young,yes,0.000000,612.978027,32.082275
EggPlant,young,yes,0.000000,612.690002,43.921875
EggPlant,young,yes,0.000000,612.401978,47.601318
EggPlant,young,yes,0.000000,612.114014,40.360840
EggPlant,young,yes,0.000000,611.825012,40.000488
EggPlant,young,yes,0.000000,611.536987,45.320068
EggPlant,young,yes,0.000000,611.249023,47.359619
EggPlant,young,yes,0.000000,610.960999,45.839111
EggPlant,young,yes,0.000000,610.672974,47.958740
EggPlant,young,yes,0.000000,610.385010,43.438232
EggPlant,young,yes,0.000000,610.096985,40.757812
EggPlant,young,yes,0.000000,609.807983,31.477295
EggPlant,young,yes,0.000000,609.520020,29.316895
EggPlant,young,yes,0.000000,609.231995,41.556641
EggPlant,young,yes,0.000000,608.943970,40.556152
EggPlant,young,yes,0.000000,608.656006,42.315674
EggPlant,young,yes,0.000000,608.367981,45.755127
EggPlant,young,yes,0.000000,608.080017,40.154785
EggPlant,young,yes,0.000000,607.791016,41.754395
EggPlant,young,yes,0.000000,607.502991,40.313965
EggPlant,young,yes,0.000000,607.215027,42.873535
EggPlant,young,yes,0.000000,606.927002,48.873047
EggPlant,young,yes,0.000000,606.638977,40.392578
EggPlant,young,yes,0.000000,606.351013,59.632324
EggPlant,young,yes,0.000000,606.062988,56.071777
EggPlant,young,yes,0.000000,605.773987,68.031250
EggPlant,young,yes,0.000000,605.486023,70.990723
EggPlant,young,yes,0.000000,605.197998,84.430176
EggPlant,young,yes,0.000000,604.909973,88.870117
EggPlant,young,yes,0.000000,604.622009,86.829590
EggPlant,young,yes,0.000000,604.333984,99.708984
EggPlant,young,yes,0.000000,604.046021,98.948486
EggPlant,young,yes,0.000000,603.757019,101.228027
EggPlant,young,yes,0.000000,603.468994,116.547852
EggPlant,young,yes,0.000000,603.181030,121.467285
EggPlant,young,yes,0.000000,602.893005,135.866943
EggPlant,young,yes,0.000000,602.604980,138.546387
EggPlant,young,yes,0.000000,602.317017,145.625977
EggPlant,young,yes,0.000000,602.028992,150.945557
EggPlant,young,yes,0.000000,601.739990,155.705078
EggPlant,young,yes,0.000000,601.452026,147.904785
EggPlant,young,yes,0.000000,601.164001,142.424072
EggPlant,young,yes,0.000000,600.875977,129.023682
EggPlant,young,yes,0.000000,600.588013,116.103516
EggPlant,young,yes,0.000000,600.299988,100.942871
EggPlant,young,yes,0.000000,600.012024,88.982422
EggPlant,young,yes,0.000000,599.723022,70.062012
EggPlant,young,yes,0.000000,599.434998,56.741455
EggPlant,young,yes,0.000000,599.146973,47.221191
EggPlant,young,yes,0.000000,598.859009,42.220703
EggPlant,young,yes,0.000000,598.570984,37.860352
EggPlant,young,yes,0.000000,598.283020,33.859863
EggPlant,young,yes,0.000000,597.994995,35.979248
EggPlant,young,yes,0.000000,597.705994,41.059082
EggPlant,young,yes,0.000000,597.418030,38.298584
EggPlant,young,yes,0.000000,597.130005,39.778076
EggPlant,young,yes,0.000000,596.841980,28.577637
EggPlant,young,yes,0.000000,596.554016,23.297119
EggPlant,young,yes,0.000000,596.265991,30.416748
EggPlant,young,yes,0.000000,595.978027,19.616455
EggPlant,young,yes,0.000000,595.689026,20.695801
EggPlant,young,yes,0.000000,595.401001,27.815430
EggPlant,young,yes,0.000000,595.112976,29.614990
EggPlant,young,yes,0.000000,594.825012,37.334717
EggPlant,young,yes,0.000000,594.536987,28.774170
EggPlant,young,yes,0.000000,594.249023,32.373779
EggPlant,young,yes,0.000000,593.960999,31.213135
EggPlant,young,yes,0.000000,593.671997,30.812744
EggPlant,young,yes,0.000000,593.383972,31.852539
EggPlant,young,yes,0.000000,593.096008,28.251953
EggPlant,young,yes,0.000000,592.807983,24.131592
EggPlant,young,yes,0.000000,592.520020,28.531006
EggPlant,young,yes,0.000000,592.231995,30.490479
EggPlant,young,yes,0.000000,591.943970,42.090332
EggPlant,young,yes,0.000000,591.655029,37.569824
EggPlant,young,yes,0.000000,591.367004,32.849365
EggPlant,young,yes,0.000000,591.078979,37.728760
EggPlant,young,yes,0.000000,590.791016,31.048340
EggPlant,young,yes,0.000000,590.502991,34.927979
EggPlant,young,yes,0.000000,590.215027,35.327637
EggPlant,young,yes,0.000000,589.927002,29.567139
EggPlant,young,yes,0.000000,589.638000,36.286621
EggPlant,young,yes,0.000000,589.349976,40.846191
EggPlant,young,yes,0.000000,589.062012,44.605957
EggPlant,young,yes,0.000000,588.773987,44.405273
EggPlant,young,yes,0.000000,588.486023,43.404785
EggPlant,young,yes,0.000000,588.197998,28.764404
EggPlant,young,yes,0.000000,587.908997,30.843994
EggPlant,young,yes,0.000000,587.620972,35.363770
EggPlant,young,yes,0.000000,587.333008,24.963135
EggPlant,young,yes,0.000000,587.044983,32.082764
EggPlant,young,yes,0.000000,586.757019,28.362305
EggPlant,young,yes,0.000000,586.468994,26.081787
EggPlant,young,yes,0.000000,586.181030,35.001465
EggPlant,young,yes,0.000000,585.892029,31.400879
EggPlant,young,yes,0.000000,585.604004,33.120605
EggPlant,young,yes,0.000000,585.315979,39.479980
EggPlant,young,yes,0.000000,585.028015,19.559814
EggPlant,young,yes,0.000000,584.739990,48.759277
EggPlant,young,yes,0.000000,584.452026,41.158691
EggPlant,young,yes,0.000000,584.164001,48.998291
EggPlant,young,yes,0.000000,583.875000,47.237793
EggPlant,young,yes,0.000000,583.586975,51.237549
EggPlant,young,yes,0.000000,583.299011,48.277100
EggPlant,young,yes,0.000000,583.010986,47.436523
EggPlant,young,yes,0.000000,582.723022,43.196045
EggPlant,young,yes,0.000000,582.434998,51.795654
EggPlant,young,yes,0.000000,582.146973,49.435303
EggPlant,young,yes,0.000000,581.857971,38.714844
EggPlant,young,yes,0.000000,581.570007,39.194336
EggPlant,young,yes,0.000000,581.281982,54.433838
EggPlant,young,yes,0.000000,580.994019,51.313477
EggPlant,young,yes,0.000000,580.705994,39.513184
EggPlant,young,yes,0.000000,580.418030,40.192627
EggPlant,young,yes,0.000000,580.130005,32.672119
EggPlant,young,yes,0.000000,579.841003,46.231689
EggPlant,young,yes,0.000000,579.552979,42.871338
EggPlant,young,yes,0.000000,579.265015,36.631104
EggPlant,young,yes,0.000000,578.976990,45.870605
EggPlant,young,yes,0.000000,578.689026,45.989990
EggPlant,young,yes,0.000000,578.401001,51.229492
EggPlant,young,yes,0.000000,578.112976,53.549072
EggPlant,young,yes,0.000000,577.823975,46.828857
EggPlant,young,yes,0.000000,577.536011,63.748291
EggPlant,young,yes,0.000000,577.247986,45.347900
EggPlant,young,yes,0.000000,576.960022,40.187256
EggPlant,young,yes,0.000000,576.677002,38.066895
EggPlant,young,yes,0.000000,576.393005,51.266602
EggPlant,young,yes,0.000000,576.109985,41.946045
EggPlant,young,yes,0.000000,575.825989,53.705566
EggPlant,young,yes,0.000000,575.543030,52.505127
EggPlant,young,yes,0.000000,575.260010,56.824707
EggPlant,young,yes,0.000000,574.976013,44.104492
EggPlant,young,yes,0.000000,574.692993,45.864014
EggPlant,young,yes,0.000000,574.408997,46.263428
EggPlant,young,yes,0.000000,574.125977,50.942871
EggPlant,young,yes,0.000000,573.843018,50.782471
EggPlant,young,yes,0.000000,573.559021,43.342285
EggPlant,young,yes,0.000000,573.276001,39.861816
EggPlant,young,yes,0.000000,572.992004,41.661133
EggPlant,young,yes,0.000000,572.708984,44.020752
EggPlant,young,yes,0.000000,572.426025,44.780273
EggPlant,young,yes,0.000000,572.142029,39.379883
EggPlant,young,yes,0.000000,571.859009,48.779541
EggPlant,young,yes,0.000000,571.575989,38.218994
EggPlant,young,yes,0.000000,571.291992,31.778564
EggPlant,young,yes,0.000000,571.008972,37.657959
EggPlant,young,yes,0.000000,570.724976,39.617920
EggPlant,young,yes,0.000000,570.442017,41.817383
EggPlant,young,yes,0.000000,570.158997,49.696777
EggPlant,young,yes,0.000000,569.875000,45.936279
EggPlant,young,yes,0.000000,569.591980,38.855957
EggPlant,young,yes,0.000000,569.307983,38.695557
EggPlant,young,yes,0.000000,569.025024,42.455078
EggPlant,young,yes,0.000000,568.742004,42.014648
EggPlant,young,yes,0.000000,568.458008,41.854248
EggPlant,young,yes,0.000000,568.174988,39.293701
EggPlant,young,yes,0.000000,567.890991,35.573486
EggPlant,young,yes,0.000000,567.607971,45.772949
EggPlant,young,yes,0.000000,567.325012,38.212402
EggPlant,young,yes,0.000000,567.041016,36.011963
EggPlant,young,yes,0.000000,566.757996,39.771484
EggPlant,young,yes,0.000000,566.473999,33.371094
EggPlant,young,yes,0.000000,566.190979,32.090820
EggPlant,young,yes,0.000000,565.908020,32.370117
EggPlant,young,yes,0.000000,565.624023,43.289795
EggPlant,young,yes,0.000000,565.341003,28.129150
EggPlant,young,yes,0.000000,565.057007,25.128906
EggPlant,young,yes,0.000000,564.773987,19.368408
EggPlant,young,yes,0.000000,564.491028,24.968018
EggPlant,young,yes,0.000000,564.206970,17.487549
EggPlant,young,yes,0.000000,563.924011,33.567139
EggPlant,young,yes,0.000000,563.640015,26.086914
EggPlant,young,yes,0.000000,563.356995,29.246338
EggPlant,young,yes,0.000000,563.073975,27.325928
EggPlant,young,yes,0.000000,562.789978,30.765381
EggPlant,young,yes,0.000000,562.507019,26.284912
EggPlant,young,yes,0.000000,562.223022,28.844727
EggPlant,young,yes,0.000000,561.940002,22.804199
EggPlant,young,yes,0.000000,561.656982,27.523682
EggPlant,young,yes,0.000000,561.372986,24.363037
EggPlant,young,yes,0.000000,561.090027,26.162598
EggPlant,young,yes,0.000000,560.807007,22.922363
EggPlant,young,yes,0.000000,560.523010,24.481934
EggPlant,young,yes,0.000000,560.239990,27.121338
EggPlant,young,yes,0.000000,559.955994,26.081055
EggPlant,young,yes,0.000000,559.672974,29.120605
EggPlant,young,yes,0.000000,559.390015,28.400146
EggPlant,young,yes,0.000000,559.106018,38.799805
EggPlant,young,yes,0.000000,558.822998,27.199219
EggPlant,young,yes,0.000000,558.539001,21.918701
EggPlant,young,yes,0.000000,558.255981,26.878418
EggPlant,young,yes,0.000000,557.973022,29.917969
EggPlant,young,yes,0.000000,557.689026,25.037598
EggPlant,young,yes,0.000000,557.406006,19.277100
EggPlant,young,yes,0.000000,557.122009,32.516602
EggPlant,young,yes,0.000000,556.838989,23.476318
EggPlant,young,yes,0.000000,556.556030,25.115723
EggPlant,young,yes,0.000000,556.271973,30.875244
EggPlant,young,yes,0.000000,555.989014,43.154785
EggPlant,young,yes,0.000000,555.705017,32.514404
EggPlant,young,yes,0.000000,555.421997,24.834229
EggPlant,young,yes,0.000000,555.138977,28.913574
EggPlant,young,yes,0.000000,554.854980,27.833252
EggPlant,young,yes,0.000000,554.572021,29.952637
EggPlant,young,yes,0.000000,554.288025,30.832275
EggPlant,young,yes,0.000000,554.005005,37.151855
EggPlant,young,yes,0.000000,553.721985,37.791504
EggPlant,young,yes,0.000000,553.437988,28.071045
EggPlant,young,yes,0.000000,553.155029,23.870361
EggPlant,young,yes,0.000000,552.870972,29.750000
EggPlant,young,yes,0.000000,552.588013,37.469727
EggPlant,young,yes,0.000000,552.304993,38.589355
EggPlant,young,yes,0.000000,552.020996,29.308838
EggPlant,young,yes,0.000000,551.737976,21.588379
EggPlant,young,yes,0.000000,551.455017,19.467773
EggPlant,young,yes,0.000000,551.171021,27.827637
EggPlant,young,yes,0.000000,550.888000,12.267090
EggPlant,young,yes,0.000000,550.604004,30.106445
EggPlant,young,yes,0.000000,550.320984,28.266113
EggPlant,young,yes,0.000000,550.038025,25.705566
EggPlant,young,yes,0.000000,549.754028,28.665283
EggPlant,young,yes,0.000000,549.471008,32.424805
EggPlant,young,yes,0.000000,549.187012,40.344238
EggPlant,young,yes,0.000000,548.903992,29.903809
EggPlant,young,yes,0.000000,548.620972,29.543457
EggPlant,young,yes,0.000000,548.336975,33.023193
EggPlant,young,yes,0.000000,548.054016,33.302734
EggPlant,young,yes,0.000000,547.770020,35.102051
EggPlant,young,yes,0.000000,547.487000,44.381592
EggPlant,young,yes,0.000000,547.203979,42.221191
EggPlant,young,yes,0.000000,546.919983,40.700928
EggPlant,young,yes,0.000000,546.637024,32.020508
EggPlant,young,yes,0.000000,546.353027,30.339844
EggPlant,young,yes,0.000000,546.070007,30.219482
EggPlant,young,yes,0.000000,545.794006,40.259033
EggPlant,young,yes,0.000000,545.518982,33.738770
EggPlant,young,yes,0.000000,545.242981,35.778320
EggPlant,young,yes,0.000000,544.968018,50.857666
EggPlant,young,yes,0.000000,544.692017,50.417236
EggPlant,young,yes,0.000000,544.416992,54.296875
EggPlant,young,yes,0.000000,544.140991,44.496582
EggPlant,young,yes,0.000000,543.864990,55.456055
EggPlant,young,yes,0.000000,543.590027,57.215576
EggPlant,young,yes,0.000000,543.314026,44.895020
EggPlant,young,yes,0.000000,543.039001,52.934570
EggPlant,young,yes,0.000000,542.763000,58.534424
EggPlant,young,yes,0.000000,542.487976,66.893799
EggPlant,young,yes,0.000000,542.211975,65.173340
EggPlant,young,yes,0.000000,541.935974,72.292969
EggPlant,young,yes,0.000000,541.661011,79.972412
EggPlant,young,yes,0.000000,541.385010,83.692139
EggPlant,young,yes,0.000000,541.109985,80.131592
EggPlant,young,yes,0.000000,540.833984,78.571289
EggPlant,young,yes,0.000000,540.557983,84.570801
EggPlant,young,yes,0.000000,540.283020,92.490234
EggPlant,young,yes,0.000000,540.007019,105.050049
EggPlant,young,yes,0.000000,539.731995,112.009521
EggPlant,young,yes,0.000000,539.455994,107.128906
EggPlant,young,yes,0.000000,539.181030,122.768555
EggPlant,young,yes,0.000000,538.905029,132.167969
EggPlant,young,yes,0.000000,538.629028,124.967773
EggPlant,young,yes,0.000000,538.354004,145.807373
EggPlant,young,yes,0.000000,538.078003,151.806885
EggPlant,young,yes,0.000000,537.802979,166.846191
EggPlant,young,yes,0.000000,537.526978,163.485840
EggPlant,young,yes,0.000000,537.252014,180.365479
EggPlant,young,yes,0.000000,536.976013,187.525146
EggPlant,young,yes,0.000000,536.700012,198.444580
EggPlant,young,yes,0.000000,536.424988,199.564209
EggPlant,young,yes,0.000000,536.148987,203.283691
EggPlant,young,yes,0.000000,535.874023,188.443359
EggPlant,young,yes,0.000000,535.598022,183.762939
EggPlant,young,yes,0.000000,535.322998,179.442383
EggPlant,young,yes,0.000000,535.046997,168.921875
EggPlant,young,yes,0.000000,534.770996,182.241455
EggPlant,young,yes,0.000000,534.495972,184.721191
EggPlant,young,yes,0.000000,534.219971,175.560791
EggPlant,young,yes,0.000000,533.945007,176.680176
EggPlant,young,yes,0.000000,533.669006,173.759766
EggPlant,young,yes,0.000000,533.393982,178.759521
EggPlant,young,yes,0.000000,533.117981,183.118896
EggPlant,young,yes,0.000000,532.841980,185.798584
EggPlant,young,yes,0.000000,532.567017,183.677979
EggPlant,young,yes,0.000000,532.291016,181.157471
EggPlant,young,yes,0.000000,532.015991,184.517334
EggPlant,young,yes,0.000000,531.739990,165.716797
EggPlant,young,yes,0.000000,531.465027,151.396240
EggPlant,young,yes,0.000000,531.189026,127.435791
EggPlant,young,yes,0.000000,530.913025,120.675293
EggPlant,young,yes,0.000000,530.638000,108.755127
EggPlant,young,yes,0.000000,530.362000,103.754639
EggPlant,young,yes,0.000000,530.086975,92.593994
EggPlant,young,yes,0.000000,529.810974,70.153564
EggPlant,young,yes,0.000000,529.534973,64.593018
EggPlant,young,yes,0.000000,529.260010,57.312744
EggPlant,young,yes,0.000000,528.984009,55.992432
EggPlant,young,yes,0.000000,528.708984,60.191895
EggPlant,young,yes,0.000000,528.432983,50.391357
EggPlant,young,yes,0.000000,528.158020,56.950928
EggPlant,young,yes,0.000000,527.882019,53.470703
EggPlant,young,yes,0.000000,527.606018,43.750244
EggPlant,young,yes,0.000000,527.330994,44.909668
EggPlant,young,yes,0.000000,527.054993,37.149170
EggPlant,young,yes,0.000000,526.780029,29.228760
EggPlant,young,yes,0.000000,526.504028,40.668457
EggPlant,young,yes,0.000000,526.229004,29.147949
EggPlant,young,yes,0.000000,525.953003,32.787598
EggPlant,young,yes,0.000000,525.677002,34.666992
EggPlant,young,yes,0.000000,525.401978,26.866455
EggPlant,young,yes,0.000000,525.125977,39.626221
EggPlant,young,yes,0.000000,524.851013,29.745850
EggPlant,young,yes,0.000000,524.575012,23.905273
EggPlant,young,yes,0.000000,524.299988,23.504883
EggPlant,young,yes,0.000000,524.023987,27.744385
EggPlant,young,yes,0.000000,523.747986,30.144043
EggPlant,young,yes,0.000000,523.473022,37.783691
EggPlant,young,yes,0.000000,523.197021,22.503174
EggPlant,young,yes,0.000000,522.921997,27.142578
EggPlant,young,yes,0.000000,522.645996,35.662109
EggPlant,young,yes,0.000000,522.370972,34.901855
EggPlant,young,yes,0.000000,522.094971,29.741455
EggPlant,young,yes,0.000000,521.818970,22.300781
EggPlant,young,yes,0.000000,521.544006,16.740479
EggPlant,young,yes,0.000000,521.268005,21.739990
EggPlant,young,yes,0.000000,520.992981,24.259766
EggPlant,young,yes,0.000000,520.716980,25.259277
EggPlant,young,yes,0.000000,520.442017,28.618652
EggPlant,young,yes,0.000000,520.166016,18.178223
EggPlant,young,yes,0.000000,519.890015,21.217773
EggPlant,young,yes,0.000000,519.614990,38.017578
EggPlant,young,yes,0.000000,519.338989,25.096924
EggPlant,young,yes,0.000000,519.064026,17.416504
EggPlant,young,yes,0.000000,518.788025,20.615967
EggPlant,young,yes,0.000000,518.513000,32.295410
EggPlant,young,yes,0.000000,518.237000,22.895264
EggPlant,young,yes,0.000000,517.960999,25.054688
EggPlant,young,yes,0.000000,517.685974,30.134277
EggPlant,young,yes,0.000000,517.409973,21.933838
EggPlant,young,yes,0.000000,517.135010,22.453369
EggPlant,young,yes,0.000000,516.859009,24.373047
EggPlant,young,yes,0.000000,516.583008,26.052490
EggPlant,young,yes,0.000000,516.307983,23.092041
EggPlant,young,yes,0.000000,516.031982,18.611572
EggPlant,young,yes,0.000000,515.757019,27.771240
EggPlant,young,yes,0.000000,515.481018,24.170898
EggPlant,young,yes,0.000000,515.205994,23.930420
EggPlant,young,yes,0.000000,514.929993,23.329834
EggPlant,young,yes,0.000000,514.653992,27.289307
EggPlant,young,yes,0.000000,514.379028,20.808838
EggPlant,young,yes,0.000000,514.103027,24.648682
EggPlant,young,yes,0.000000,513.828003,22.288086
EggPlant,young,yes,0.000000,513.552002,19.847656
EggPlant,young,yes,0.000000,513.276978,23.407227
EggPlant,young,yes,0.000000,513.000977,28.366699
EggPlant,young,yes,0.000000,512.724976,28.446533
EggPlant,young,yes,0.000000,512.450012,29.565918
EggPlant,young,yes,0.000000,512.174011,21.685547
EggPlant,young,yes,0.000000,511.898987,25.125000
EggPlant,young,yes,0.000000,511.622986,21.644531
EggPlant,young,yes,0.000000,511.347992,20.044189
EggPlant,young,yes,0.000000,511.071991,21.763916
EggPlant,young,yes,0.000000,510.795990,21.643311
EggPlant,young,yes,0.000000,510.520996,31.682861
EggPlant,young,yes,0.000000,510.244995,18.442383
EggPlant,young,yes,0.000000,509.970001,28.442139
EggPlant,young,yes,0.000000,509.694000,22.681641
EggPlant,young,yes,0.000000,509.419006,18.201172
EggPlant,young,yes,0.000000,509.143005,14.760742
EggPlant,young,yes,0.000000,508.867004,23.000488
EggPlant,young,yes,0.000000,508.592010,27.399902
EggPlant,young,yes,0.000000,508.316010,21.039307
EggPlant,young,yes,0.000000,508.040985,3.638916
EggPlant,young,yes,0.000000,507.765015,15.878418
EggPlant,young,yes,0.000000,507.489990,17.958252
EggPlant,young,yes,0.000000,507.213989,20.517822
EggPlant,young,yes,0.000000,506.937988,23.717285
EggPlant,young,yes,0.000000,506.662994,22.436768
EggPlant,young,yes,0.000000,506.386993,26.436279
EggPlant,young,yes,0.000000,506.112000,22.996094
EggPlant,young,yes,0.000000,505.835999,24.075439
EggPlant,young,yes,0.000000,505.559998,25.834961
EggPlant,young,yes,0.000000,505.285004,15.914551
EggPlant,young,yes,0.000000,505.009003,18.674072
EggPlant,young,yes,0.000000,504.734009,15.673828
EggPlant,young,yes,0.000000,504.458008,16.073242
EggPlant,young,yes,0.000000,504.183014,20.672852
EggPlant,young,yes,0.000000,503.907013,22.752441
EggPlant,young,yes,0.000000,503.631012,13.511963
EggPlant,young,yes,0.000000,503.355988,18.671631
EggPlant,young,yes,0.000000,503.079987,20.311035
EggPlant,young,yes,0.000000,502.804993,28.630615
EggPlant,young,yes,0.000000,502.528992,22.070068
EggPlant,young,yes,0.000000,502.253998,20.909668
EggPlant,young,yes,0.000000,501.977997,21.389404
EggPlant,young,yes,0.000000,501.701996,26.588867
EggPlant,young,yes,0.000000,501.427002,28.508545
EggPlant,young,yes,0.000000,501.151001,24.147949
EggPlant,young,yes,0.000000,500.876007,17.387451
EggPlant,young,yes,0.000000,500.600006,12.507324
EggPlant,young,yes,0.000000,500.325012,18.066650
EggPlant,young,yes,0.000000,500.049011,20.546143
EggPlant,young,yes,0.000000,499.773010,27.425781
EggPlant,young,yes,0.000000,499.497986,28.705322
EggPlant,young,yes,0.000000,499.221985,19.985107
EggPlant,young,yes,0.000000,498.946991,24.264404
EggPlant,young,yes,0.000000,498.670990,16.144043
EggPlant,young,yes,0.000000,498.395996,19.023438
EggPlant,young,yes,0.000000,498.119995,17.542969
EggPlant,young,yes,0.000000,497.843994,13.382812
EggPlant,young,yes,0.000000,497.569000,18.222412
EggPlant,young,yes,0.000000,497.292999,26.941895
EggPlant,young,yes,0.000000,497.018005,27.141357
EggPlant,young,yes,0.000000,496.742004,20.020752
EggPlant,young,yes,0.000000,496.467010,28.100586
EggPlant,young,yes,0.000000,496.191010,18.380127
EggPlant,young,yes,0.000000,495.915009,22.099609
EggPlant,young,yes,0.000000,495.640015,26.099121
EggPlant,young,yes,0.000000,495.364014,20.938721
EggPlant,young,yes,0.000000,495.088989,34.338379
EggPlant,young,yes,0.000000,494.812988,19.577881
EggPlant,young,yes,0.000000,494.536987,18.617432
EggPlant,young,yes,0.000000,494.261993,8.977051
EggPlant,young,yes,0.000000,493.985992,20.096436
EggPlant,young,yes,0.000000,493.710999,30.376221
EggPlant,young,yes,0.000000,493.434998,31.415771
EggPlant,young,yes,0.000000,493.160004,21.655273
EggPlant,young,yes,0.000000,492.884003,26.974854
EggPlant,young,yes,0.000000,492.608002,21.534180
EggPlant,young,yes,0.000000,492.333008,24.894043
EggPlant,young,yes,0.000000,492.057007,32.373535
EggPlant,young,yes,0.000000,491.782013,19.973145
EggPlant,young,yes,0.000000,491.506012,27.092529
EggPlant,young,yes,0.000000,491.230988,30.372070
EggPlant,young,yes,0.000000,490.954987,25.931885
EggPlant,young,yes,0.000000,490.678986,24.651367
EggPlant,young,yes,0.000000,490.403992,30.370850
EggPlant,young,yes,0.000000,490.127991,33.690430
EggPlant,young,yes,0.000000,489.852997,24.369873
EggPlant,young,yes,0.000000,489.576996,26.249512
EggPlant,young,yes,0.000000,489.302002,23.569092
EggPlant,young,yes,0.000000,489.026001,33.728760
EggPlant,young,yes,0.000000,488.750000,35.888184
EggPlant,young,yes,0.000000,488.475006,34.327637
EggPlant,young,yes,0.000000,488.199005,27.287354
EggPlant,young,yes,0.000000,487.924011,29.006836
EggPlant,young,yes,0.000000,487.648010,23.046387
EggPlant,young,yes,0.000000,487.372986,30.005859
EggPlant,young,yes,0.000000,487.096985,30.645508
EggPlant,young,yes,0.000000,486.821014,22.205322
EggPlant,young,yes,0.000000,486.545990,24.964844
EggPlant,young,yes,0.000000,486.269989,28.924316
EggPlant,young,yes,0.000000,485.994995,30.603760
EggPlant,young,yes,0.000000,485.718994,35.403320
EggPlant,young,yes,0.000000,485.442993,31.363037
EggPlant,young,yes,0.000000,485.167999,32.922607
EggPlant,young,yes,0.000000,484.891998,35.962158
EggPlant,young,yes,0.000000,484.617004,35.081543
EggPlant,young,yes,0.000000,484.341003,45.161377
EggPlant,young,yes,0.000000,484.066010,44.160889
EggPlant,young,yes,0.000000,483.790009,36.360352
EggPlant,young,yes,0.000000,483.514008,23.359863
EggPlant,young,yes,0.000000,483.239014,32.959473
EggPlant,young,yes,0.000000,482.963013,31.799072
EggPlant,young,yes,0.000000,482.687988,47.518555
EggPlant,young,yes,0.000000,482.411987,46.678223
EggPlant,young,yes,0.000000,482.136993,32.237549
EggPlant,young,yes,0.000000,481.860992,30.317139
EggPlant,young,yes,0.000000,481.584991,40.076904
EggPlant,young,yes,0.000000,481.309998,45.476562
EggPlant,young,yes,0.000000,481.033997,41.916016
EggPlant,young,yes,0.000000,480.759003,47.555420
EggPlant,young,yes,0.000000,480.483002,40.274902
EggPlant,young,yes,0.000000,480.208008,50.394775
EggPlant,young,yes,0.000000,479.932007,46.634277
EggPlant,young,yes,0.000000,479.656006,45.433838
EggPlant,young,yes,0.000000,479.381012,41.953369
EggPlant,young,yes,0.000000,479.105011,46.912842
EggPlant,young,yes,0.000000,478.829987,49.392578
EggPlant,young,yes,0.000000,478.553986,46.952148
EggPlant,young,yes,0.000000,478.278992,48.511475
EggPlant,young,yes,0.000000,478.002991,41.631104
EggPlant,young,yes,0.000000,477.726990,46.950684
EggPlant,young,yes,0.000000,477.451996,46.150391
EggPlant,young,yes,0.000000,477.175995,45.189941
EggPlant,young,yes,0.000000,476.901001,47.829346
EggPlant,young,yes,0.000000,476.625000,47.988770
EggPlant,young,yes,0.000000,476.350006,41.908447
EggPlant,young,yes,0.000000,476.074005,32.108154
EggPlant,young,yes,0.000000,475.798004,34.067627
EggPlant,young,yes,0.000000,475.523010,28.067139
EggPlant,young,yes,0.000000,475.247009,29.666748
EggPlant,young,yes,0.000000,474.971985,32.026123
EggPlant,young,yes,0.000000,474.696014,34.865967
EggPlant,young,yes,0.000000,474.420990,25.585449
EggPlant,young,yes,0.000000,474.144989,25.304932
EggPlant,young,yes,0.000000,473.868988,25.464600
EggPlant,young,yes,0.000000,473.593994,24.864014
EggPlant,young,yes,0.000000,473.317993,27.943848
EggPlant,young,yes,0.000000,473.042999,26.943359
EggPlant,young,yes,0.000000,472.766998,28.462891
EggPlant,young,yes,0.000000,472.490997,25.502197
EggPlant,young,yes,0.000000,472.216003,30.661865
EggPlant,young,yes,0.000000,471.940002,27.541504
EggPlant,young,yes,0.000000,471.665009,19.701172
EggPlant,young,yes,0.000000,471.389008,31.340576
EggPlant,young,yes,0.000000,471.114014,31.700195
EggPlant,young,yes,0.000000,470.838013,22.659668
EggPlant,young,yes,0.000000,470.562012,19.459473
EggPlant,young,yes,0.000000,470.286987,30.578857
EggPlant,young,yes,0.000000,470.010986,25.058350
EggPlant,young,yes,0.000000,469.735992,25.977783
EggPlant,young,yes,0.000000,469.459991,24.337402
EggPlant,young,yes,0.000000,469.184998,21.057129
EggPlant,young,yes,0.000000,468.908997,16.616699
EggPlant,young,yes,0.000000,468.632996,30.496094
EggPlant,young,yes,0.000000,468.358002,21.255615
EggPlant,young,yes,0.000000,468.082001,25.575195
EggPlant,young,yes,0.000000,467.807007,25.895020
EggPlant,young,yes,0.000000,467.531006,21.694580
EggPlant,young,yes,0.000000,467.256012,27.013916
EggPlant,young,yes,0.000000,466.980011,12.413574
EggPlant,young,yes,0.000000,466.704010,14.292969
EggPlant,young,yes,0.000000,466.428986,43.172852
EggPlant,young,yes,0.000000,466.153015,27.332275
EggPlant,young,yes,0.000000,465.877991,24.771729
EggPlant,young,yes,0.000000,465.601990,18.811279
EggPlant,young,yes,0.000000,465.326996,16.570801
EggPlant,young,yes,0.000000,465.050995,21.650635
EggPlant,young,yes,0.000000,464.774994,20.770020
EggPlant,young,yes,0.000000,464.500000,26.929688
EggPlant,young,yes,0.000000,464.223999,28.169189
EggPlant,young,yes,0.000000,463.949005,16.328613
EggPlant,young,yes,0.000000,463.673004,19.888428
EggPlant,young,yes,0.000000,463.397003,24.087891
EggPlant,young,yes,0.000000,463.122009,33.727295
EggPlant,young,yes,0.000000,462.846008,32.286865
EggPlant,young,yes,0.000000,462.571014,25.726318
EggPlant,young,yes,0.000000,462.295013,14.486084
EggPlant,young,yes,0.000000,462.019989,19.165771
EggPlant,young,yes,0.000000,461.743988,24.645264
EggPlant,young,yes,0.000000,461.467987,20.524658
EggPlant,young,yes,0.000000,461.192993,30.684326
EggPlant,young,yes,0.000000,460.916992,22.563965
EggPlant,young,yes,0.000000,460.641998,25.003418
EggPlant,young,yes,0.000000,460.365997,23.722900
EggPlant,young,yes,0.000000,460.091003,11.402588
EggPlant,young,yes,0.000000,459.815002,17.882324
EggPlant,young,yes,0.000000,459.539001,22.721680
EggPlant,young,yes,0.000000,459.264008,21.601318
EggPlant,young,yes,0.000000,458.988007,23.000732
EggPlant,young,yes,0.000000,458.713013,15.160400
EggPlant,young,yes,0.000000,458.437012,21.600098
EggPlant,young,yes,0.000000,458.161987,34.879639
EggPlant,young,yes,0.000000,457.885986,23.679199
EggPlant,young,yes,0.000000,457.609985,19.918701
EggPlant,young,yes,0.000000,457.334991,24.358154
EggPlant,young,yes,0.000000,457.058990,25.157959
EggPlant,young,yes,0.000000,456.783997,31.677490
EggPlant,young,yes,0.000000,456.507996,32.876953
EggPlant,young,yes,0.000000,456.233002,28.676514
EggPlant,young,yes,0.000000,455.957001,25.676025
EggPlant,young,yes,0.000000,455.681000,29.475586
EggPlant,young,yes,0.000000,455.406006,27.435303
EggPlant,young,yes,0.000000,455.130005,32.074707
EggPlant,young,yes,0.000000,454.855011,26.754150
EggPlant,young,yes,0.000000,454.579010,18.433838
EggPlant,young,yes,0.000000,454.303986,28.553467
EggPlant,young,yes,0.000000,454.028015,18.272949
EggPlant,young,yes,0.000000,453.752014,13.952393
EggPlant,young,yes,0.000000,453.476990,29.432129
EggPlant,young,yes,0.000000,453.200989,33.191406
EggPlant,young,yes,0.000000,452.925995,20.591309
EggPlant,young,yes,0.000000,452.649994,25.350830
EggPlant,young,yes,0.000000,452.375000,8.710205
EggPlant,young,yes,0.000000,452.098999,22.429932
EggPlant,young,yes,0.000000,451.822998,12.909424
EggPlant,young,yes,0.000000,451.548004,20.429199
EggPlant,young,yes,0.000000,451.272003,27.828613
EggPlant,young,yes,0.000000,450.997009,22.028076
EggPlant,young,yes,0.000000,450.721008,19.267578
EggPlant,young,yes,0.000000,450.445007,13.827148
EggPlant,young,yes,0.000000,450.170013,23.266846
EggPlant,young,yes,0.000000,449.894012,21.986328
EggPlant,young,yes,0.000000,449.618988,24.906006
EggPlant,young,yes,0.000000,449.342987,20.545410
EggPlant,young,yes,0.000000,449.067993,13.665039
EggPlant,young,yes,0.000000,448.791992,4.944580
EggPlant,young,yes,0.000000,448.515991,25.784180
EggPlant,young,yes,0.000000,448.240997,21.703613
EggPlant,young,yes,0.000000,447.964996,16.943115
EggPlant,young,yes,0.000000,447.690002,25.302734
EggPlant,young,yes,0.000000,447.414001,33.222412
EggPlant,young,yes,0.000000,447.139008,28.181885
EggPlant,young,yes,0.000000,446.863007,29.421631
EggPlant,young,yes,0.000000,446.587006,16.381104
EggPlant,young,yes,0.000000,446.312012,19.660645
EggPlant,young,yes,0.000000,446.036011,13.380371
EggPlant,young,yes,0.000000,445.760986,21.979736
EggPlant,young,yes,0.000000,445.484985,23.979248
EggPlant,young,yes,0.000000,445.209991,25.978760
EggPlant,young,yes,0.000000,444.933990,32.058350
EggPlant,young,yes,0.000000,444.657990,26.338135
EggPlant,young,yes,0.000000,444.382996,16.457520
EggPlant,young,yes,0.000000,444.106995,20.097168
EggPlant,young,yes,0.000000,443.832001,13.576660
EggPlant,young,yes,0.000000,443.556000,10.136230
EggPlant,young,yes,0.000000,443.281006,22.935791
EggPlant,young,yes,0.000000,443.005005,14.295410
EggPlant,young,yes,0.000000,442.729004,15.694824
EggPlant,young,yes,0.000000,442.454010,31.414551
EggPlant,young,yes,0.000000,442.178009,11.854004
EggPlant,young,yes,0.000000,441.903015,21.493652
EggPlant,young,yes,0.000000,441.627014,13.413330
EggPlant,young,yes,0.000000,441.351013,22.732666
EggPlant,young,yes,0.000000,441.075989,21.572266
EggPlant,young,yes,0.000000,440.799988,26.731689
EggPlant,young,yes,0.000000,440.524994,21.851562
EggPlant,young,yes,0.000000,440.248993,23.210938
EggPlant,young,yes,0.000000,439.973999,20.130615
EggPlant,young,yes,0.000000,439.697998,22.489990
EggPlant,young,yes,0.000000,439.421997,32.929443
EggPlant,young,yes,0.000000,439.147003,17.849365
EggPlant,young,yes,0.000000,438.871002,24.568848
EggPlant,young,yes,0.000000,438.596008,24.248291
EggPlant,young,yes,0.000000,438.320007,15.727783
EggPlant,young,yes,0.000000,438.045013,19.167236
EggPlant,young,yes,0.000000,437.769012,26.367188
EggPlant,young,yes,0.000000,437.493011,31.886719
EggPlant,young,yes,0.000000,437.217987,23.646240
EggPlant,young,yes,0.000000,436.941986,21.925537
EggPlant,young,yes,0.000000,436.666992,12.365234
EggPlant,young,yes,0.000000,436.390991,22.564941
EggPlant,young,yes,0.000000,436.115997,23.724365
EggPlant,young,yes,0.000000,435.839996,14.043945
EggPlant,young,yes,0.000000,435.569000,14.443359
EggPlant,young,yes,0.000000,435.298004,19.803223
EggPlant,young,yes,0.000000,435.027008,21.162598
EggPlant,young,yes,0.000000,434.755005,10.002197
EggPlant,young,yes,0.000000,434.484009,16.921631
EggPlant,young,yes,0.000000,434.213013,12.761230
EggPlant,young,yes,0.000000,433.941986,24.480957
EggPlant,young,yes,0.000000,433.670990,35.560547
EggPlant,young,yes,0.000000,433.399994,25.919922
EggPlant,young,yes,0.000000,433.128998,27.039551
EggPlant,young,yes,0.000000,432.858002,27.279053
EggPlant,young,yes,0.000000,432.585999,25.758789
EggPlant,young,yes,0.000000,432.315002,24.118408
EggPlant,young,yes,0.000000,432.044006,24.757812
EggPlant,young,yes,0.000000,431.773010,21.357422
EggPlant,young,yes,0.000000,431.502014,18.916748
EggPlant,young,yes,0.000000,431.230988,18.676514
EggPlant,young,yes,0.000000,430.959991,21.036133
EggPlant,young,yes,0.000000,430.688995,11.275635
EggPlant,young,yes,0.000000,430.416992,12.675049
EggPlant,young,yes,0.000000,430.145996,21.434570
EggPlant,young,yes,0.000000,429.875000,21.034424
EggPlant,young,yes,0.000000,429.604004,21.593994
EggPlant,young,yes,0.000000,429.333008,27.753418
EggPlant,young,yes,0.000000,429.062012,33.552979
EggPlant,young,yes,0.000000,428.790985,42.792480
EggPlant,young,yes,0.000000,428.519012,46.792236
EggPlant,young,yes,0.000000,428.247986,42.311768
EggPlant,young,yes,0.000000,427.976990,43.831299
EggPlant,young,yes,0.000000,427.705994,67.670654
EggPlant,young,yes,0.000000,427.434998,77.990234
EggPlant,young,yes,0.000000,427.164001,73.310059
EggPlant,young,yes,0.000000,426.893005,89.589600
EggPlant,young,yes,0.000000,426.622009,91.148926
EggPlant,young,yes,0.000000,426.350006,75.788574
EggPlant,young,yes,0.000000,426.079010,61.588135
EggPlant,young,yes,0.000000,425.808014,57.627930
EggPlant,young,yes,0.000000,425.536987,31.987305
EggPlant,young,yes,0.000000,425.265991,30.186768
EggPlant,young,yes,0.000000,424.994995,30.306396
EggPlant,young,yes,0.000000,424.723999,18.505859
EggPlant,young,yes,0.000000,424.453003,27.465576
EggPlant,young,yes,0.000000,424.181000,20.385254
EggPlant,young,yes,0.000000,423.910004,12.184570
EggPlant,young,yes,0.000000,423.639008,18.024170
EggPlant,young,yes,0.000000,423.368011,21.423584
EggPlant,young,yes,0.000000,423.096985,22.503418
EggPlant,young,yes,0.000000,422.825989,16.182861
EggPlant,young,yes,0.000000,422.554993,1.382568
EggPlant,young,yes,0.000000,422.282990,14.701904
EggPlant,young,yes,0.000000,422.011993,11.061523
EggPlant,young,yes,0.000000,421.740997,7.941162
EggPlant,young,yes,0.000000,421.470001,14.540771
EggPlant,young,yes,0.000000,421.199005,18.420166
EggPlant,young,yes,0.000000,420.928009,15.499756
EggPlant,young,yes,0.000000,420.657013,7.259277
EggPlant,young,yes,0.000000,420.385986,11.579102
EggPlant,young,yes,0.000000,420.114014,14.418457
EggPlant,young,yes,0.000000,419.842987,14.378174
EggPlant,young,yes,0.000000,419.571991,9.577637
EggPlant,young,yes,0.000000,419.300995,7.136963
EggPlant,young,yes,0.000000,419.029999,11.216797
EggPlant,young,yes,0.000000,418.759003,22.616455
EggPlant,young,yes,0.000000,418.488007,14.855957
EggPlant,young,yes,0.000000,418.217010,9.055420
EggPlant,young,yes,0.000000,417.945007,9.454834
EggPlant,young,yes,0.000000,417.674011,18.734619
EggPlant,young,yes,0.000000,417.403015,13.094238
EggPlant,young,yes,0.000000,417.131989,8.333740
EggPlant,young,yes,0.000000,416.860992,15.493164
EggPlant,young,yes,0.000000,416.589996,6.612793
EggPlant,young,yes,0.000000,416.319000,12.732422
EggPlant,young,yes,0.000000,416.046997,9.411865
EggPlant,young,yes,0.000000,415.776001,22.491455
EggPlant,young,yes,0.000000,415.505005,14.371094
EggPlant,young,yes,0.000000,415.234009,9.090576
EggPlant,young,yes,0.000000,414.963013,10.090332
EggPlant,young,yes,0.000000,414.691986,3.369873
EggPlant,young,yes,0.000000,414.420990,4.249268
EggPlant,young,yes,0.000000,414.149994,2.008789
EggPlant,young,yes,0.000000,413.877991,6.048340
EggPlant,young,yes,0.000000,413.606995,5.248047
EggPlant,young,yes,0.000000,413.335999,8.567627
EggPlant,young,yes,0.000000,413.065002,10.287109
EggPlant,young,yes,0.000000,412.794006,7.886475
EggPlant,young,yes,0.000000,412.523010,10.286133
EggPlant,young,yes,0.000000,412.252014,5.645752
EggPlant,young,yes,0.000000,411.980988,0.000000
EggPlant,young,yes,0.000000,411.709015,7.004883
EggPlant,young,yes,0.000000,411.437988,17.524414
EggPlant,young,yes,0.000000,411.166992,19.083984
EggPlant,young,yes,0.000000,410.895996,5.883545
EggPlant,young,yes,0.000000,410.625000,14.243164
EggPlant,young,yes,0.000000,410.354004,9.722656
EggPlant,young,yes,0.000000,410.083008,9.682129
EggPlant,young,yes,0.000000,409.811005,17.881836
EggPlant,young,yes,0.000000,409.540009,11.441406
EggPlant,young,yes,0.000000,409.269012,3.361084
EggPlant,young,yes,0.000000,408.997986,6.960449
EggPlant,young,yes,0.000000,408.726990,4.800049
EggPlant,young,yes,0.000000,408.455994,7.639648
EggPlant,young,yes,0.000000,408.184998,9.399170
EggPlant,young,yes,0.000000,407.914001,5.198730
EggPlant,young,yes,0.000000,407.641998,1.278320
EggPlant,young,yes,0.000000,407.371002,1.437744
EggPlant,young,yes,0.000000,407.100006,9.997559
EggPlant,young,yes,0.000000,406.829010,10.237061
EggPlant,young,yes,0.000000,406.558014,0.000000
EggPlant,young,yes,0.000000,406.286987,3.316162
EggPlant,young,yes,0.000000,406.015991,7.875488
EggPlant,young,yes,0.000000,405.744995,1.555420
EggPlant,young,yes,0.000000,405.472992,6.714844
EggPlant,young,yes,0.000000,405.201996,10.834473
EggPlant,young,yes,0.000000,404.931000,13.433838
EggPlant,young,yes,0.000000,404.660004,15.473389
EggPlant,young,yes,0.000000,404.394989,6.673096
EggPlant,young,yes,0.000000,404.131012,0.000000
EggPlant,young,yes,0.000000,403.865997,3.232178
EggPlant,young,yes,0.000000,403.601013,2.231689
EggPlant,young,yes,0.000000,403.335999,8.591309
EggPlant,young,yes,0.000000,403.071991,1.670898
EggPlant,young,yes,0.000000,402.807007,6.470459
EggPlant,young,yes,0.000000,402.541992,13.070068
EggPlant,young,yes,0.000000,402.277008,10.509521
EggPlant,young,yes,0.000000,402.013000,6.468994
EggPlant,young,yes,0.000000,401.747986,10.788818
EggPlant,young,yes,0.000000,401.483002,0.000000
EggPlant,young,yes,0.000000,401.218994,8.867676
EggPlant,young,yes,0.000000,400.954010,15.587402
EggPlant,young,yes,0.000000,400.688995,15.946777
EggPlant,young,yes,0.000000,400.424011,0.906494
EggPlant,young,yes,0.000000,400.160004,2.145996
EggPlant,young,yes,0.000000,399.894989,8.345703
EggPlant,young,yes,0.000000,399.630005,6.945068
EggPlant,young,yes,0.000000,399.364990,3.264648
EggPlant,young,yes,0.000000,399.101013,9.304443
EggPlant,young,yes,0.000000,398.835999,6.583984
EggPlant,young,yes,0.000000,398.571014,0.383301
EggPlant,young,yes,0.000000,398.306000,7.502930
EggPlant,young,yes,0.000000,398.041992,2.422363
EggPlant,young,yes,0.000000,397.777008,13.582275
EggPlant,young,yes,0.000000,397.511993,3.861572
EggPlant,young,yes,0.000000,397.247986,2.021240
EggPlant,young,yes,0.000000,396.983002,4.700684
EggPlant,young,yes,0.000000,396.717987,12.900146
EggPlant,young,yes,0.000000,396.453003,13.619873
EggPlant,young,yes,0.000000,396.188995,15.859375
EggPlant,young,yes,0.000000,395.924011,9.698975
EggPlant,young,yes,0.000000,395.658997,11.458496
EggPlant,young,yes,0.000000,395.394012,20.857910
EggPlant,young,yes,0.000000,395.130005,11.737793
EggPlant,young,yes,0.000000,394.864990,7.697266
EggPlant,young,yes,0.000000,394.600006,6.216797
EggPlant,young,yes,0.000000,394.335999,4.336426
EggPlant,young,yes,0.000000,394.071014,3.255859
EggPlant,young,yes,0.000000,393.806000,0.000000
EggPlant,young,yes,0.000000,393.540985,2.295166
EggPlant,young,yes,0.000000,393.277008,4.774658
EggPlant,young,yes,0.000000,393.011993,0.000000
EggPlant,young,yes,0.000000,392.747009,5.533691
EggPlant,young,yes,0.000000,392.481995,0.000000
EggPlant,young,yes,0.000000,392.217987,11.892822
EggPlant,young,yes,0.000000,391.953003,9.252441
EggPlant,young,yes,0.000000,391.687988,9.451904
EggPlant,young,yes,0.000000,391.424011,5.011475
EggPlant,young,yes,0.000000,391.158997,0.000000
EggPlant,young,yes,0.000000,390.894012,0.610596
EggPlant,young,yes,0.000000,390.628998,5.330322
EggPlant,young,yes,0.000000,390.364990,0.969727
EggPlant,young,yes,0.000000,390.100006,10.569336
EggPlant,young,yes,0.000000,389.834991,10.648926
EggPlant,young,yes,0.000000,389.570007,6.608398
EggPlant,young,yes,0.000000,389.306000,7.768066
EggPlant,young,yes,0.000000,389.040985,12.607422
EggPlant,young,yes,0.000000,388.776001,4.767090
EggPlant,young,yes,0.000000,388.510986,6.246826
EggPlant,young,yes,0.000000,388.247009,6.006348
EggPlant,young,yes,0.000000,387.981995,4.605713
EggPlant,young,yes,0.000000,387.717010,4.045410
EggPlant,young,yes,0.000000,387.453003,1.604736
EggPlant,young,yes,0.000000,387.187988,0.000000
EggPlant,young,yes,0.000000,386.923004,9.244141
EggPlant,young,yes,0.000000,386.657990,3.883545
EggPlant,young,yes,0.000000,386.394012,8.683105
EggPlant,young,yes,0.000000,386.128998,3.362793
EggPlant,young,yes,0.000000,385.864014,9.082275
EggPlant,young,yes,0.000000,385.598999,0.000000
EggPlant,young,yes,0.000000,385.334991,0.000000
EggPlant,young,yes,0.000000,385.070007,5.680908
EggPlant,young,yes,0.000000,384.804993,2.680664
EggPlant,young,yes,0.000000,384.540985,0.000000
EggPlant,young,yes,0.000000,384.276001,9.959717
EggPlant,young,yes,0.000000,384.010986,6.519287
EggPlant,young,yes,0.000000,383.746002,2.238770
EggPlant,young,yes,0.000000,383.481995,1.278564
EggPlant,young,yes,0.000000,383.217010,13.518066
EggPlant,young,yes,0.000000,382.951996,4.397461
EggPlant,young,yes,0.000000,382.687012,14.317139
EggPlant,young,yes,0.000000,382.423004,8.756592
EggPlant,young,yes,0.000000,382.157990,7.236328
EggPlant,young,yes,0.000000,381.893005,16.155762
EggPlant,young,yes,0.000000,381.628998,6.315430
EggPlant,young,yes,0.000000,381.364014,0.000000
EggPlant,young,yes,0.000000,381.098999,0.000000
EggPlant,young,yes,0.000000,380.834015,0.000000
EggPlant,young,yes,0.000000,380.570007,5.353516
EggPlant,young,yes,0.000000,380.304993,7.393066
EggPlant,young,yes,0.000000,380.040009,7.712646
EggPlant,young,yes,0.000000,379.774994,0.000000
EggPlant,young,yes,0.000000,379.510986,8.871826
EggPlant,young,yes,0.000000,379.246002,2.631348
EggPlant,young,yes,0.000000,378.980988,8.830811
EggPlant,young,yes,0.000000,378.716003,4.270508
EggPlant,young,yes,0.000000,378.451996,9.949951
EggPlant,young,yes,0.000000,378.187012,1.109619
EggPlant,young,yes,0.000000,377.921997,2.389160
EggPlant,young,yes,0.000000,377.657990,10.828613
EggPlant,young,yes,0.000000,377.393005,14.668213
EggPlant,young,yes,0.000000,377.127991,9.547852
EggPlant,young,yes,0.000000,376.863007,11.707520
EggPlant,young,yes,0.000000,376.598999,7.947021
EggPlant,young,yes,0.000000,376.334015,13.226562
EggPlant,young,yes,0.000000,376.069000,5.625977
EggPlant,young,yes,0.000000,375.803986,4.145508
EggPlant,young,yes,0.000000,375.540009,8.865234
EggPlant,young,yes,0.000000,375.274994,0.000000
EggPlant,young,yes,0.000000,375.010010,3.464355
EggPlant,young,yes,0.000000,374.746002,2.103760
EggPlant,young,yes,0.000000,374.480988,0.000000
EggPlant,young,yes,0.000000,374.216003,13.423096
EggPlant,young,yes,0.000000,373.950989,6.742676
EggPlant,young,yes,0.000000,373.687012,6.462158
EggPlant,young,yes,0.000000,373.421997,14.141602
EggPlant,young,yes,0.000000,373.157013,9.421143
EggPlant,young,yes,0.000000,372.891998,6.820801
EggPlant,young,yes,0.000000,372.627991,6.300537
EggPlant,young,yes,0.000000,372.363007,1.979980
EggPlant,young,yes,0.000000,372.097992,5.859375
EggPlant,young,yes,0.000000,371.834015,9.979004
EggPlant,young,yes,0.000000,371.569000,2.458740
EggPlant,young,yes,0.000000,371.303986,6.218262
EggPlant,young,yes,0.000000,371.039001,0.000000
EggPlant,young,yes,0.000000,370.774994,0.000000
EggPlant,young,yes,0.000000,370.510010,2.616699
EggPlant,young,yes,0.000000,370.244995,7.656494
EggPlant,young,yes,0.000000,369.980011,3.016113
EggPlant,young,yes,0.000000,369.716003,0.000000
EggPlant,young,yes,0.000000,369.450989,0.000000
EggPlant,young,yes,0.000000,369.186005,4.334473
EggPlant,young,yes,0.000000,368.920990,9.854248
EggPlant,young,yes,0.000000,368.657013,0.000000
EggPlant,young,yes,0.000000,368.391998,0.000000
EggPlant,young,yes,0.000000,368.127014,12.172852
EggPlant,young,yes,0.000000,367.863007,7.332275
EggPlant,young,yes,0.000000,367.597992,0.000000
EggPlant,young,yes,0.000000,367.333008,2.531738
EggPlant,young,yes,0.000000,367.067993,0.211182
EggPlant,young,yes,0.000000,366.803986,0.690674
EggPlant,young,yes,0.000000,366.539001,6.490234
EggPlant,young,yes,0.000000,366.273987,0.000000
EggPlant,young,yes,0.000000,366.009003,9.329346
EggPlant,young,yes,0.000000,365.744995,13.489014
EggPlant,young,yes,0.000000,365.480011,13.408447
EggPlant,young,yes,0.000000,365.217987,0.000000
EggPlant,young,yes,0.000000,364.957001,6.247803
EggPlant,young,yes,0.000000,364.695007,5.767334
EggPlant,young,yes,0.000000,364.433990,2.126709
EggPlant,young,yes,0.000000,364.171997,8.846191
EggPlant,young,yes,0.000000,363.911011,7.845703
EggPlant,young,yes,0.000000,363.648987,7.125488
EggPlant,young,yes,0.000000,363.388000,15.005127
EggPlant,young,yes,0.000000,363.126007,14.924561
EggPlant,young,yes,0.000000,362.864990,2.803955
EggPlant,young,yes,0.000000,362.602997,0.000000
EggPlant,young,yes,0.000000,362.341003,0.000000
EggPlant,young,yes,0.000000,362.079987,0.000000
EggPlant,young,yes,0.000000,361.817993,0.802246
EggPlant,young,yes,0.000000,361.557007,1.681885
EggPlant,young,yes,0.000000,361.295013,15.001709
EggPlant,young,yes,0.000000,361.033997,3.401123
EggPlant,young,yes,0.000000,360.772003,5.760742
EggPlant,young,yes,0.000000,360.510986,4.200195
EggPlant,young,yes,0.000000,360.248993,0.000000
EggPlant,young,yes,0.000000,359.987000,7.159424
EggPlant,young,yes,0.000000,359.726013,1.838867
EggPlant,young,yes,0.000000,359.463989,3.478516
EggPlant,young,yes,0.000000,359.203003,11.037842
EggPlant,young,yes,0.000000,358.941010,0.000000
EggPlant,young,yes,0.000000,358.679993,3.797119
EggPlant,young,yes,0.000000,358.417999,0.436768
EggPlant,young,yes,0.000000,358.157013,0.000000
EggPlant,young,yes,0.000000,357.894989,4.355713
EggPlant,young,yes,0.000000,357.634003,1.355225
EggPlant,young,yes,0.000000,357.372009,0.114990
EggPlant,young,yes,0.000000,357.109985,0.000000
EggPlant,young,yes,0.000000,356.848999,2.434082
EggPlant,young,yes,0.000000,356.587006,2.113525
EggPlant,young,yes,0.000000,356.325989,7.753174
EggPlant,young,yes,0.000000,356.063995,14.472900
EggPlant,young,yes,0.000000,355.803009,7.272461
EggPlant,young,yes,0.000000,355.540985,8.311768
EggPlant,young,yes,0.000000,355.279999,0.000000
EggPlant,young,yes,0.000000,355.018005,0.000000
EggPlant,young,yes,0.000000,354.756012,3.110596
EggPlant,young,yes,0.000000,354.494995,11.830078
EggPlant,young,yes,0.000000,354.233002,7.869629
EggPlant,young,yes,0.000000,353.971985,8.149170
EggPlant,young,yes,0.000000,353.709991,5.548584
EggPlant,young,yes,0.000000,353.449005,13.708496
EggPlant,young,yes,0.000000,353.187012,7.147949
EggPlant,young,yes,0.000000,352.925995,1.467529
EggPlant,young,yes,0.000000,352.664001,5.747070
EggPlant,young,yes,0.000000,352.402008,0.000000
EggPlant,young,yes,0.000000,352.140991,3.506348
EggPlant,young,yes,0.000000,351.878998,11.065674
EggPlant,young,yes,0.000000,351.618011,9.985352
EggPlant,young,yes,0.000000,351.355988,5.264893
EggPlant,young,yes,0.000000,351.095001,9.304199
EggPlant,young,yes,0.000000,350.833008,2.424072
EggPlant,young,yes,0.000000,350.571991,3.423584
EggPlant,young,yes,0.000000,350.309998,3.743164
EggPlant,young,yes,0.000000,350.049011,5.222656
EggPlant,young,yes,0.000000,349.786987,9.822021
EggPlant,young,yes,0.000000,349.524994,5.741943
EggPlant,young,yes,0.000000,349.264008,2.701416
EggPlant,young,yes,0.000000,349.002014,5.260986
EggPlant,young,yes,0.000000,348.740997,6.100342
EggPlant,young,yes,0.000000,348.479004,13.099854
EggPlant,young,yes,0.000000,348.217987,2.659668
EggPlant,young,yes,0.000000,347.955994,9.499268
EggPlant,young,yes,0.000000,347.695007,2.418701
EggPlant,young,yes,0.000000,347.433014,3.978271
EggPlant,young,yes,0.000000,347.170990,1.937744
EggPlant,young,yes,0.000000,346.910004,6.617432
EggPlant,young,yes,0.000000,346.648010,4.016846
EggPlant,young,yes,0.000000,346.386993,9.296387
EggPlant,young,yes,0.000000,346.125000,0.000000
EggPlant,young,yes,0.000000,345.864014,0.000000
EggPlant,young,yes,0.000000,345.601990,1.255371
EggPlant,young,yes,0.000000,345.341003,8.254883
EggPlant,young,yes,0.000000,345.079010,3.654297
EggPlant,young,yes,0.000000,344.817993,0.000000
EggPlant,young,yes,0.000000,344.556000,0.000000
EggPlant,young,yes,0.000000,344.294006,0.000000
EggPlant,young,yes,0.000000,344.032990,6.252686
EggPlant,young,yes,0.000000,343.770996,8.252197
EggPlant,young,yes,0.000000,343.510010,7.971680
EggPlant,young,yes,0.000000,343.247986,1.611084
EggPlant,young,yes,0.000000,342.987000,10.330811
EggPlant,young,yes,0.000000,342.725006,5.170410
EggPlant,young,yes,0.000000,342.463989,4.449951
EggPlant,young,yes,0.000000,342.201996,5.849365
EggPlant,young,yes,0.000000,341.940002,9.008789
EggPlant,young,yes,0.000000,341.678986,8.208740
EggPlant,young,yes,0.000000,341.416992,8.248291
EggPlant,young,yes,0.000000,341.156006,5.727783
EggPlant,young,yes,0.000000,340.894012,0.000000
EggPlant,young,yes,0.000000,340.632996,8.566650
EggPlant,young,yes,0.000000,340.371002,5.046387
EggPlant,young,yes,0.000000,340.109985,5.565918
EggPlant,young,yes,0.000000,339.847992,0.000000
EggPlant,young,yes,0.000000,339.587006,2.925049
EggPlant,young,yes,0.000000,339.325012,0.000000
EggPlant,young,yes,0.000000,339.062988,12.084229
EggPlant,young,yes,0.000000,338.802002,13.723877
EggPlant,young,yes,0.000000,338.540009,10.683350
EggPlant,young,yes,0.000000,338.278992,11.762695
EggPlant,young,yes,0.000000,338.016998,0.000000
EggPlant,young,yes,0.000000,337.756012,6.882080
EggPlant,young,yes,0.000000,337.493988,9.241699
EggPlant,young,yes,0.000000,337.233002,9.721191
EggPlant,young,yes,0.000000,336.971008,7.880615
EggPlant,young,yes,0.000000,336.709015,15.640381
EggPlant,young,yes,0.000000,336.447998,3.279785
EggPlant,young,yes,0.000000,336.186005,2.399414
EggPlant,young,yes,0.000000,335.924988,4.438965
EggPlant,young,yes,0.000000,335.662994,18.638428
EggPlant,young,yes,0.000000,335.402008,6.158203
EggPlant,young,yes,0.000000,335.140015,1.597656
EggPlant,young,yes,0.000000,334.878998,4.397217
EggPlant,young,yes,0.000000,334.617004,7.516602
EggPlant,young,yes,0.000000,334.355988,8.276123
EggPlant,young,yes,0.000000,334.093994,7.995850
EggPlant,young,yes,0.000000,333.832001,6.355469
EggPlant,young,yes,0.000000,333.571014,10.715088
EggPlant,young,yes,0.000000,333.308990,9.714600
EggPlant,young,yes,0.000000,333.048004,0.000000
EggPlant,young,yes,0.000000,332.786011,0.000000
EggPlant,young,yes,0.000000,332.524994,7.073242
EggPlant,young,yes,0.000000,332.263000,8.632812
EggPlant,young,yes,0.000000,332.002014,1.872314
EggPlant,young,yes,0.000000,331.739990,5.751709
EggPlant,young,yes,0.000000,331.479004,1.951660
EggPlant,young,yes,0.000000,331.217010,9.191162
EggPlant,young,yes,0.000000,330.954987,0.000000
EggPlant,young,yes,0.000000,330.694000,3.989990
EggPlant,young,yes,0.000000,330.432007,10.709717
EggPlant,young,yes,0.000000,330.170990,6.869385
EggPlant,young,yes,0.000000,329.908997,12.428955
EggPlant,young,yes,0.000000,329.648010,0.000000
EggPlant,young,yes,0.000000,329.385986,11.427979
EggPlant,young,yes,0.000000,329.125000,9.187500
EggPlant,young,yes,0.000000,328.863007,1.027100
EggPlant,young,yes,0.000000,328.601013,6.466797
EggPlant,young,yes,0.000000,328.339996,6.986084
EggPlant,young,yes,0.000000,328.078003,12.825684
EggPlant,young,yes,0.000000,327.816986,0.625244
EggPlant,young,yes,0.000000,327.554993,10.064941
EggPlant,young,yes,0.000000,327.294006,4.104492
EggPlant,young,yes,0.000000,327.032013,0.000000
EggPlant,young,yes,0.000000,326.770996,9.663574
EggPlant,young,yes,0.000000,326.509003,11.903076
EggPlant,young,yes,0.000000,326.247986,8.182861
EggPlant,young,yes,0.000000,325.985992,8.902344
EggPlant,young,yes,0.000000,325.723999,9.101807
EggPlant,young,yes,0.000000,325.463013,6.221436
EggPlant,young,yes,0.000000,325.200989,6.620850
EggPlant,young,yes,0.000000,324.940002,10.980469
EggPlant,young,yes,0.000000,324.678009,8.220215
EggPlant,young,yes,0.000000,324.416992,1.059570
EggPlant,young,yes,0.000000,324.154999,12.019043
EggPlant,young,yes,0.000000,323.894012,0.458740
EggPlant,young,yes,0.000000,323.631989,15.018311
EggPlant,young,yes,0.000000,323.369995,7.218018
EggPlant,young,yes,0.000000,323.109009,2.617432
EggPlant,young,yes,0.000000,322.846985,0.856934
EggPlant,young,yes,0.000000,322.585999,0.000000
EggPlant,young,yes,0.000000,322.324005,11.016113
EggPlant,young,yes,0.000000,322.062988,1.815674
EggPlant,young,yes,0.000000,321.800995,5.175293
EggPlant,young,yes,0.000000,321.540009,3.454834
EggPlant,young,yes,0.000000,321.278015,13.454346
EggPlant,young,yes,0.000000,321.016998,0.000000
EggPlant,young,yes,0.000000,320.755005,2.653564
EggPlant,young,yes,0.000000,320.493011,4.373047
EggPlant,young,yes,0.000000,320.231995,11.692627
EggPlant,young,yes,0.000000,319.970001,0.000000
EggPlant,young,yes,0.000000,319.709015,0.000000
EggPlant,young,yes,0.000000,319.446991,3.011230
EggPlant,young,yes,0.000000,319.186005,2.090820
EggPlant,young,yes,0.000000,318.924011,11.290283
EggPlant,young,yes,0.000000,318.662994,10.009766
EggPlant,young,yes,0.000000,318.401001,7.729492
EggPlant,young,yes,0.000000,318.139008,10.289062
EggPlant,young,yes,0.000000,317.877991,5.328613
EggPlant,young,yes,0.000000,317.615997,8.928223
EggPlant,young,yes,0.000000,317.355011,5.327637
EggPlant,young,yes,0.000000,317.092987,7.327393
EggPlant,young,yes,0.000000,316.832001,0.000000
EggPlant,young,yes,0.000000,316.570007,6.966309
EggPlant,young,yes,0.000000,316.308990,8.765869
EggPlant,young,yes,0.000000,316.046997,10.565430
EggPlant,young,yes,0.000000,315.786011,11.125244
EggPlant,young,yes,0.000000,315.523987,7.204834
EggPlant,young,yes,0.000000,315.261993,2.444336
EggPlant,young,yes,0.000000,315.001007,5.803711
EggPlant,young,yes,0.000000,314.739014,0.000000
EggPlant,young,yes,0.000000,314.477997,0.000000
EggPlant,young,yes,0.000000,314.216003,0.000000
EggPlant,young,yes,0.000000,313.954987,0.241943
EggPlant,young,yes,0.000000,313.692993,5.361572
EggPlant,young,yes,0.000000,313.432007,9.601318
EggPlant,young,yes,0.000000,313.170013,0.000000
EggPlant,young,yes,0.000000,312.911987,7.120361
EggPlant,young,yes,0.000000,312.654999,8.959717
EggPlant,young,yes,0.000000,312.397003,0.000000
EggPlant,young,yes,0.000000,312.139008,2.119141
EggPlant,young,yes,0.000000,311.881989,0.000000
EggPlant,young,yes,0.000000,311.623993,0.000000
EggPlant,young,yes,0.000000,311.365997,4.277588
EggPlant,young,yes,0.000000,311.109009,1.277100
EggPlant,young,yes,0.000000,310.851013,8.236816
EggPlant,young,yes,0.000000,310.592987,5.916504
EggPlant,young,yes,0.000000,310.335999,7.196045
EggPlant,young,yes,0.000000,310.078003,6.635498
EggPlant,young,yes,0.000000,309.820007,10.915039
EggPlant,young,yes,0.000000,309.562988,2.514648
EggPlant,young,yes,0.000000,309.304993,0.000000
EggPlant,young,yes,0.000000,309.046997,12.313721
EggPlant,young,yes,0.000000,308.790009,5.633301
EggPlant,young,yes,0.000000,308.532013,1.312744
EggPlant,young,yes,0.000000,308.273987,5.312500
EggPlant,young,yes,0.000000,308.016998,4.711914
EggPlant,young,yes,0.000000,307.759003,15.111572
EggPlant,young,yes,0.000000,307.501007,7.431152
EggPlant,young,yes,0.000000,307.243988,7.470459
EggPlant,young,yes,0.000000,306.985992,0.630371
EggPlant,young,yes,0.000000,306.727997,0.000000
EggPlant,young,yes,0.000000,306.471008,4.349365
EggPlant,young,yes,0.000000,306.213013,3.588867
EggPlant,young,yes,0.000000,305.954987,11.108398
EggPlant,young,yes,0.000000,305.697998,5.868164
EggPlant,young,yes,0.000000,305.440002,16.787598
EggPlant,young,yes,0.000000,305.182007,11.427246
EggPlant,young,yes,0.000000,304.924988,3.946533
EggPlant,young,yes,0.000000,304.666992,13.866211
EggPlant,young,yes,0.000000,304.408997,10.585938
EggPlant,young,yes,0.000000,304.152008,0.000000
EggPlant,young,yes,0.000000,303.894012,4.744873
EggPlant,young,yes,0.000000,303.635986,8.264404
EggPlant,young,yes,0.000000,303.378998,0.000000
EggPlant,young,yes,0.000000,303.121002,4.743652
EggPlant,young,yes,0.000000,302.864014,11.023193
EggPlant,young,yes,0.000000,302.605988,9.382812
EggPlant,young,yes,0.000000,302.347992,9.422363
EggPlant,young,yes,0.000000,302.091003,2.141846
EggPlant,young,yes,0.000000,301.833008,0.000000
EggPlant,young,yes,0.000000,301.575012,5.260986
EggPlant,young,yes,0.000000,301.317993,0.000000
EggPlant,young,yes,0.000000,301.059998,3.660156
EggPlant,young,yes,0.000000,300.802002,0.659668
EggPlant,young,yes,0.000000,300.545013,10.379395
EggPlant,young,yes,0.000000,300.286987,14.938721
EggPlant,young,yes,0.000000,300.028992,18.338379
EggPlant,young,yes,0.000000,299.772003,2.417969
EggPlant,young,yes,0.000000,299.514008,9.337402
EggPlant,young,yes,0.000000,299.256012,0.000000
EggPlant,young,yes,0.000000,298.998993,2.016602
EggPlant,young,yes,0.000000,298.740997,0.000000
EggPlant,young,yes,0.000000,298.483002,7.655762
EggPlant,young,yes,0.000000,298.226013,0.000000
EggPlant,young,yes,0.000000,297.967987,8.094971
EggPlant,young,yes,0.000000,297.709991,2.774414
EggPlant,young,yes,0.000000,297.453003,3.453857
EggPlant,young,yes,0.000000,297.195007,6.573486
EggPlant,young,yes,0.000000,296.937012,4.373047
EggPlant,young,yes,0.000000,296.679993,10.212646
EggPlant,young,yes,0.000000,296.421997,17.372314
EggPlant,young,yes,0.000000,296.164001,2.931641
EggPlant,young,yes,0.000000,295.907013,7.291260
EggPlant,young,yes,0.000000,295.648987,6.930664
EggPlant,young,yes,0.000000,295.390991,4.170654
EggPlant,young,yes,0.000000,295.134003,8.489990
EggPlant,young,yes,0.000000,294.876007,7.049561
EggPlant,young,yes,0.000000,294.618011,7.409180
EggPlant,young,yes,0.000000,294.360992,5.208496
EggPlant,young,yes,0.000000,294.102997,2.008301
EggPlant,young,yes,0.000000,293.845001,0.000000
EggPlant,young,yes,0.000000,293.588013,1.847412
EggPlant,young,yes,0.000000,293.329987,12.046875
EggPlant,young,yes,0.000000,293.071991,5.646484
EggPlant,young,yes,0.000000,292.815002,4.966064
EggPlant,young,yes,0.000000,292.557007,6.325684
EggPlant,young,yes,0.000000,292.299011,15.725098
EggPlant,young,yes,0.000000,292.041992,10.964600
EggPlant,young,yes,0.000000,291.783997,8.564453
EggPlant,young,yes,0.000000,291.526001,0.364014
EggPlant,young,yes,0.000000,291.269012,4.163574
EggPlant,young,yes,0.000000,291.010986,6.002930
EggPlant,young,yes,0.000000,290.752991,5.082520
EggPlant,young,yes,0.000000,290.496002,5.682129
EggPlant,young,yes,0.000000,290.238007,14.881836
EggPlant,young,yes,0.000000,289.980011,2.521240
EggPlant,young,yes,0.000000,289.722992,6.440674
EggPlant,young,yes,0.000000,289.464996,0.000000
EggPlant,young,yes,0.000000,289.207001,0.239990
EggPlant,young,yes,0.000000,288.950012,0.000000
EggPlant,young,yes,0.000000,288.691986,3.639160
EggPlant,young,yes,0.000000,288.433990,12.318604
EggPlant,young,yes,0.000000,288.177002,9.398193
EggPlant,young,yes,0.000000,287.919006,8.317871
EggPlant,young,yes,0.000000,287.661011,6.757324
EggPlant,young,yes,0.000000,287.403992,12.076904
EggPlant,young,yes,0.000000,287.145996,5.356445
EggPlant,young,yes,0.000000,286.888000,0.000000
EggPlant,young,yes,0.000000,286.631012,8.715576
EggPlant,young,yes,0.000000,286.372986,5.475098
EggPlant,young,yes,0.000000,286.114990,0.000000
EggPlant,young,yes,0.000000,285.858002,0.000000
EggPlant,young,yes,0.000000,285.600006,0.000000
EggPlant,young,yes,0.000000,285.342010,0.073486
EggPlant,young,yes,0.000000,285.084991,6.512939
EggPlant,young,yes,0.000000,284.826996,4.272461
EggPlant,young,yes,0.000000,284.569000,6.832031
EggPlant,young,yes,0.000000,284.312012,6.551514
EggPlant,young,yes,0.000000,284.053986,6.191162
EggPlant,young,yes,0.000000,283.795990,3.590820
EggPlant,young,yes,0.000000,283.539001,3.350342
EggPlant,young,yes,0.000000,283.281006,0.629883
EggPlant,young,yes,0.000000,283.023987,11.429199
EggPlant,young,yes,0.000000,282.765991,3.789062
EggPlant,young,yes,0.000000,282.507996,14.508545
EggPlant,young,yes,0.000000,282.251007,3.427979
EggPlant,young,yes,0.000000,281.993011,6.267578
EggPlant,young,yes,0.000000,281.734985,5.507080
EggPlant,young,yes,0.000000,281.477997,12.466797
EggPlant,young,yes,0.000000,281.220001,10.386475
EggPlant,young,yes,0.000000,280.962006,1.425781
EggPlant,young,yes,0.000000,280.704987,9.865479
EggPlant,young,yes,0.000000,280.446991,0.000000
EggPlant,young,yes,0.000000,280.188995,7.344727
EggPlant,young,yes,0.000000,279.932007,16.224121
EggPlant,young,yes,0.000000,279.674011,7.703613
EggPlant,young,yes,0.000000,279.415985,10.023193
EggPlant,young,yes,0.000000,279.158997,2.022705
EggPlant,young,yes,0.000000,278.901001,5.302490
EggPlant,young,yes,0.000000,278.643005,3.862061
EggPlant,young,yes,0.000000,278.385986,0.000000
EggPlant,young,yes,0.000000,278.127991,10.700928
EggPlant,young,yes,0.000000,277.869995,2.540527
EggPlant,young,yes,0.000000,277.613007,12.980225
EggPlant,young,yes,0.000000,277.355011,4.779785
EggPlant,young,yes,0.000000,277.096985,6.579346
EggPlant,young,yes,0.000000,276.839996,0.018799
EggPlant,young,yes,0.000000,276.582001,1.978271
EggPlant,young,yes,0.000000,276.324005,3.218018
EggPlant,young,yes,0.000000,276.066986,0.497559
EggPlant,young,yes,0.000000,275.808990,0.097168
EggPlant,young,yes,0.000000,275.550995,0.000000
EggPlant,young,yes,0.000000,275.294006,0.000000
EggPlant,young,yes,0.000000,275.036011,0.375977
EggPlant,young,yes,0.000000,274.778015,13.335449
EggPlant,young,yes,0.000000,274.520996,5.734863
EggPlant,young,yes,0.000000,274.263000,6.534424
EggPlant,young,yes,0.000000,274.005005,6.693848
EggPlant,young,yes,0.000000,273.747986,12.733643
EggPlant,young,yes,0.000000,273.489990,8.173096
EggPlant,young,yes,0.000000,273.231995,8.052734
EggPlant,young,yes,0.000000,272.975006,7.652100
EggPlant,young,yes,0.000000,272.717010,10.851807
EggPlant,young,yes,0.000000,272.459015,2.171387
EggPlant,young,yes,0.000000,272.201996,5.770996
EggPlant,young,yes,0.000000,271.944000,3.210449
EggPlant,young,yes,0.000000,271.686005,0.489990
EggPlant,young,yes,0.000000,271.428986,4.649414
EggPlant,young,yes,0.000000,271.170990,13.729248
EggPlant,young,yes,0.000000,270.912994,9.768799
EggPlant,young,yes,0.000000,270.656006,2.848389
EggPlant,young,yes,0.000000,270.398010,6.487793
EggPlant,young,yes,0.000000,270.140015,5.367432
EggPlant,young,yes,0.000000,269.882996,3.047119
EggPlant,young,yes,0.000000,269.625000,12.086670
EggPlant,young,yes,0.000000,269.367004,8.206055
EggPlant,young,yes,0.000000,269.109985,6.925537
EggPlant,young,yes,0.000000,268.851990,1.845459
EggPlant,young,yes,0.000000,268.593994,15.764893
EggPlant,young,yes,0.000000,268.337006,7.484375
EggPlant,young,yes,0.000000,268.079010,0.000000
EggPlant,young,yes,0.000000,267.821014,0.000000
EggPlant,young,yes,0.000000,267.563995,11.643066
EggPlant,young,yes,0.000000,267.306000,9.482666
EggPlant,young,yes,0.000000,267.048004,0.000000
EggPlant,young,yes,0.000000,266.790985,2.241699
EggPlant,young,yes,0.000000,266.532990,1.601318
EggPlant,young,yes,0.000000,266.274994,5.121094
EggPlant,young,yes,0.000000,266.018005,0.000000
EggPlant,young,yes,0.000000,265.760010,2.679932
EggPlant,young,yes,0.000000,265.502014,2.719482
EggPlant,young,yes,0.000000,265.244995,1.759033
EggPlant,young,yes,0.000000,264.987000,1.558838
EggPlant,young,yes,0.000000,264.729004,5.318359
EggPlant,young,yes,0.000000,264.471985,13.877686
EggPlant,young,yes,0.000000,264.213989,5.717285
EggPlant,young,yes,0.000000,263.955994,4.276855
EggPlant,young,yes,0.000000,263.699005,1.716553
EggPlant,young,yes,0.000000,263.441010,5.676025
EggPlant,young,yes,0.000000,263.183990,7.515625
EggPlant,young,yes,0.000000,262.925995,11.235107
EggPlant,young,yes,0.000000,262.667999,16.194580
EggPlant,young,yes,0.000000,262.411011,10.754395
EggPlant,young,yes,0.000000,262.153015,8.473877
EggPlant,young,yes,0.000000,261.894989,5.993408
EggPlant,young,yes,0.000000,261.638000,3.672852
EggPlant,young,yes,0.000000,261.380005,0.000000
EggPlant,young,yes,0.000000,261.122009,1.272217
EggPlant,young,yes,0.000000,260.864990,0.000000
EggPlant,young,yes,0.000000,260.606995,0.000000
EggPlant,young,yes,0.000000,260.348999,9.350830
EggPlant,young,yes,0.000000,260.092010,0.000000
EggPlant,young,yes,0.000000,259.834015,4.629883
EggPlant,young,yes,0.000000,259.575989,5.389404
EggPlant,young,yes,0.000000,259.319000,3.948975
EggPlant,young,yes,0.000000,259.061005,0.000000
EggPlant,young,yes,0.000000,258.803009,14.588135
EggPlant,young,yes,0.000000,258.545990,3.347900
EggPlant,young,yes,0.000000,258.287994,7.587402
EggPlant,young,yes,0.000000,258.029999,0.026855
EggPlant,young,yes,0.000000,257.773010,9.066406
EggPlant,young,yes,0.000000,257.515015,0.000000
EggPlant,young,yes,0.000000,257.256989,0.000000
EggPlant,young,yes,0.000000,257.000000,4.625000
EggPlant,young,yes,0.000000,256.742004,3.624512
EggPlant,young,yes,0.000000,256.484009,4.344238
EggPlant,young,yes,0.000000,256.226990,8.303711
EggPlant,young,yes,0.000000,255.968994,1.623291
EggPlant,young,yes,0.000000,255.710999,0.222900
EggPlant,young,yes,0.000000,255.453995,15.262451
EggPlant,young,yes,0.000000,255.195999,0.000000
EggPlant,young,yes,0.000000,254.938004,7.541504
EggPlant,young,yes,0.000000,254.681000,9.581299
EggPlant,young,yes,0.000000,254.423004,0.000000
EggPlant,young,yes,0.000000,254.164993,0.460205
EggPlant,young,yes,0.000000,253.908005,3.339844
EggPlant,young,yes,0.000000,253.649994,5.779297
EggPlant,young,yes,0.000000,253.395004,7.099121
EggPlant,young,yes,0.000000,253.139008,9.058594
EggPlant,young,yes,0.000000,252.884003,0.258057
EggPlant,young,yes,0.000000,252.628006,1.857422
EggPlant,young,yes,0.000000,252.373001,1.217041
EggPlant,young,yes,0.000000,252.117004,0.000000
EggPlant,young,yes,0.000000,251.862000,0.000000
EggPlant,young,yes,0.000000,251.606003,0.375732
EggPlant,young,yes,0.000000,251.350998,3.735352
EggPlant,young,yes,0.000000,251.095001,3.654785
EggPlant,young,yes,0.000000,250.839996,4.894531
EggPlant,young,yes,0.000000,250.584000,0.000000
EggPlant,young,yes,0.000000,250.328995,6.173584
EggPlant,young,yes,0.000000,250.072998,5.733154
EggPlant,young,yes,0.000000,249.817993,2.732666
EggPlant,young,yes,0.000000,249.561996,8.332520
EggPlant,young,yes,0.000000,249.307007,4.812012
EggPlant,young,yes,0.000000,249.050995,3.571533
EggPlant,young,yes,0.000000,248.796005,0.650879
EggPlant,young,yes,0.000000,248.539993,9.010498
EggPlant,young,yes,0.000000,248.285004,6.650146
EggPlant,young,yes,0.000000,248.029007,7.729736
EggPlant,young,yes,0.000000,247.774002,4.249268
EggPlant,young,yes,0.000000,247.518997,12.888672
EggPlant,young,yes,0.000000,247.263000,0.000000
EggPlant,young,yes,0.000000,247.007996,0.647949
EggPlant,young,yes,0.000000,246.751999,2.647461
EggPlant,young,yes,0.000000,246.496994,4.487061
EggPlant,young,yes,0.000000,246.240997,2.366455
EggPlant,young,yes,0.000000,245.985992,4.646240
EggPlant,young,yes,0.000000,245.729996,11.685791
EggPlant,young,yes,0.000000,245.475006,10.565430
EggPlant,young,yes,0.000000,245.218994,8.404785
EggPlant,young,yes,0.000000,244.964005,0.000000
EggPlant,young,yes,0.000000,244.707993,12.684082
EggPlant,young,yes,0.000000,244.453003,5.163574
EggPlant,young,yes,0.000000,244.197006,5.083252
EggPlant,young,yes,0.000000,243.942001,5.322754
EggPlant,young,yes,0.000000,243.686005,4.202148
EggPlant,young,yes,0.000000,243.431000,7.881836
EggPlant,young,yes,0.000000,243.175003,1.841309
EggPlant,young,yes,0.000000,242.919998,5.000977
EggPlant,young,yes,0.000000,242.664001,13.160400
EggPlant,young,yes,0.000000,242.408997,0.000000
EggPlant,young,yes,0.000000,242.153000,14.879639
EggPlant,young,yes,0.000000,241.897995,1.439209
EggPlant,young,yes,0.000000,241.643005,3.038818
EggPlant,young,yes,0.000000,241.386993,0.000000
EggPlant,young,yes,0.000000,241.132004,1.477783
EggPlant,young,yes,0.000000,240.876007,4.837402
EggPlant,young,yes,0.000000,240.621002,0.000000
EggPlant,young,yes,0.000000,240.365005,2.356445
EggPlant,young,yes,0.000000,240.110001,6.796143
EggPlant,young,yes,0.000000,239.854004,4.875488
EggPlant,young,yes,0.000000,239.598999,8.875244
EggPlant,young,yes,0.000000,239.343002,6.274902
EggPlant,young,yes,0.000000,239.087997,0.000000
EggPlant,young,yes,0.000000,238.832001,11.913818
EggPlant,young,yes,0.000000,238.576996,3.313477
EggPlant,young,yes,0.000000,238.320999,7.713135
EggPlant,young,yes,0.000000,238.065994,4.832520
EggPlant,young,yes,0.000000,237.809998,11.832031
EggPlant,young,yes,0.000000,237.554993,10.751709
EggPlant,young,yes,0.000000,237.298996,3.431152
EggPlant,young,yes,0.000000,237.044006,7.990967
EggPlant,young,yes,0.000000,236.787994,5.750488
EggPlant,young,yes,0.000000,236.533005,0.000000
EggPlant,young,yes,0.000000,236.276993,1.469482
EggPlant,young,yes,0.000000,236.022003,6.628906
EggPlant,young,yes,0.000000,235.766998,8.828613
EggPlant,young,yes,0.000000,235.511002,7.868164
EggPlant,young,yes,0.000000,235.255997,5.827637
EggPlant,young,yes,0.000000,235.000000,8.307373
EggPlant,young,yes,0.000000,234.744995,7.106689
EggPlant,young,yes,0.000000,234.488998,5.466553
EggPlant,young,yes,0.000000,234.233994,3.786133
EggPlant,young,yes,0.000000,233.977997,1.065674
EggPlant,young,yes,0.000000,233.723007,9.905029
EggPlant,young,yes,0.000000,233.466995,9.104492
EggPlant,young,yes,0.000000,233.212006,0.000000
EggPlant,young,yes,0.000000,232.955994,2.223877
EggPlant,young,yes,0.000000,232.701004,6.103271
EggPlant,young,yes,0.000000,232.445007,5.062988
EggPlant,young,yes,0.000000,232.190002,0.000000
EggPlant,young,yes,0.000000,231.934006,1.142090
EggPlant,young,yes,0.000000,231.679001,0.000000
EggPlant,young,yes,0.000000,231.423004,3.461182
EggPlant,young,yes,0.000000,231.167999,9.940674
EggPlant,young,yes,0.000000,230.912003,6.540283
EggPlant,young,yes,0.000000,230.656998,9.899902
EggPlant,young,yes,0.000000,230.401001,6.779541
EggPlant,young,yes,0.000000,230.145996,3.818848
EggPlant,young,yes,0.000000,229.891006,9.378418
EggPlant,young,yes,0.000000,229.634995,0.000000
EggPlant,young,yes,0.000000,229.380005,0.000000
EggPlant,young,yes,0.000000,229.123993,0.177246
EggPlant,young,yes,0.000000,228.869003,0.000000
EggPlant,young,yes,0.000000,228.613007,6.736328
EggPlant,young,yes,0.000000,228.358002,8.135742
EggPlant,young,yes,0.000000,228.102005,2.135498
EggPlant,young,yes,0.000000,227.847000,9.334961
EggPlant,young,yes,0.000000,227.591003,13.374512
EggPlant,young,yes,0.000000,227.335999,0.000000
EggPlant,young,yes,0.000000,227.080002,3.853516
EggPlant,young,yes,0.000000,226.824997,2.893311
EggPlant,young,yes,0.000000,226.569000,0.000000
EggPlant,young,yes,0.000000,226.313995,0.000000
EggPlant,young,yes,0.000000,226.057999,0.000000
EggPlant,young,yes,0.000000,225.802994,1.531494
EggPlant,young,yes,0.000000,225.546997,10.771240
EggPlant,young,yes,0.000000,225.292007,6.570557
EggPlant,young,yes,0.000000,225.035995,17.290283
EggPlant,young,yes,0.000000,224.781006,2.209717
EggPlant,young,yes,0.000000,224.524994,2.969238
EggPlant,young,yes,0.000000,224.270004,3.848877
EggPlant,young,yes,0.000000,224.014999,0.008545
EggPlant,young,yes,0.000000,223.759003,9.687988
EggPlant,young,yes,0.000000,223.503998,16.927490
EggPlant,young,yes,0.000000,223.248001,10.407227
EggPlant,young,yes,0.000000,222.992996,2.326660
EggPlant,young,yes,0.000000,222.737000,14.606201
EggPlant,young,yes,0.000000,222.481995,15.525879
EggPlant,young,yes,0.000000,222.225998,7.045410
EggPlant,young,yes,0.000000,221.970993,0.000000
EggPlant,young,yes,0.000000,221.714996,4.484619
EggPlant,young,yes,0.000000,221.460007,2.803955
EggPlant,young,yes,0.000000,221.203995,1.803467
EggPlant,young,yes,0.000000,220.949005,8.363037
EggPlant,young,yes,0.000000,220.692993,2.242920
EggPlant,young,yes,0.000000,220.438004,8.162354
EggPlant,young,yes,0.000000,220.182007,9.121826
EggPlant,young,yes,0.000000,219.927002,8.481445
EggPlant,young,yes,0.000000,219.671005,4.920898
EggPlant,young,yes,0.000000,219.416000,9.440674
EggPlant,young,yes,0.000000,219.160004,0.640137
EggPlant,young,yes,0.000000,218.904999,0.000000
EggPlant,young,yes,0.000000,218.649002,5.639160
EggPlant,young,yes,0.000000,218.393997,0.000000
EggPlant,young,yes,0.000000,218.139008,0.000000
EggPlant,young,yes,0.000000,217.882996,3.397949
EggPlant,young,yes,0.000000,217.628006,5.757568
EggPlant,young,yes,0.000000,217.371994,4.517090
EggPlant,young,yes,0.000000,217.117004,4.436523
EggPlant,young,yes,0.000000,216.860992,0.000000
EggPlant,young,yes,0.000000,216.606003,2.955811
EggPlant,young,yes,0.000000,216.350006,3.675293
EggPlant,young,yes,0.000000,216.095001,6.874756
EggPlant,young,yes,0.000000,215.839005,4.594238
EggPlant,young,yes,0.000000,215.584000,8.994141
EggPlant,young,yes,0.000000,215.328003,13.433594
EggPlant,young,yes,0.000000,215.072998,1.753174
EggPlant,young,yes,0.000000,214.817001,7.712646
EggPlant,young,yes,0.000000,214.561996,5.512207
EggPlant,young,yes,0.000000,214.306000,1.951904
EggPlant,young,yes,0.000000,214.050995,5.991455
EggPlant,young,yes,0.000000,213.794998,4.510986
EggPlant,young,yes,0.000000,213.539993,0.000000
EggPlant,young,yes,0.000000,213.283997,3.669922
EggPlant,young,yes,0.000000,213.029007,4.069580
EggPlant,young,yes,0.000000,212.772995,5.269287
EggPlant,young,yes,0.000000,212.518005,8.428711
EggPlant,young,yes,0.000000,212.263000,2.668213
EggPlant,young,yes,0.000000,212.007004,5.267822
EggPlant,young,yes,0.000000,211.751999,0.107422
EggPlant,young,yes,0.000000,211.496002,14.066895
EggPlant,young,yes,0.000000,211.240997,7.426514
EggPlant,young,yes,0.000000,210.985001,7.906006
EggPlant,young,yes,0.000000,210.729996,0.000000
EggPlant,young,yes,0.000000,210.473999,7.865234
EggPlant,young,yes,0.000000,210.218994,7.104736
EggPlant,young,yes,0.000000,209.962997,5.864258
EggPlant,young,yes,0.000000,209.707993,5.503906
EggPlant,young,yes,0.000000,209.451996,5.943359
EggPlant,young,yes,0.000000,209.197006,10.383057
EggPlant,young,yes,0.000000,208.940994,7.582520
EggPlant,young,yes,0.000000,208.686005,17.182129
EggPlant,young,yes,0.000000,208.429993,10.381592
EggPlant,young,yes,0.000000,208.175003,11.501221
EggPlant,young,yes,0.000000,207.919006,18.260986
EggPlant,young,yes,0.000000,207.664001,5.060303
EggPlant,young,yes,0.000000,207.408005,3.099854
EggPlant,young,yes,0.000000,207.153000,9.739502
EggPlant,young,yes,0.000000,206.897003,5.218994
EggPlant,young,yes,0.000000,206.641998,4.778564
EggPlant,young,yes,0.000000,206.386993,0.000000
EggPlant,young,yes,0.000000,206.130997,3.817627
EggPlant,young,yes,0.000000,205.876007,1.977295
EggPlant,young,yes,0.000000,205.619995,11.256836
EggPlant,young,yes,0.000000,205.365005,1.536377
EggPlant,young,yes,0.000000,205.108994,8.976074
EggPlant,young,yes,0.000000,204.854004,3.095459
EggPlant,young,yes,0.000000,204.598007,6.814941
EggPlant,young,yes,0.000000,204.343002,12.534424
EggPlant,young,yes,0.000000,204.087006,0.000000
EggPlant,young,yes,0.000000,203.832001,0.000000
EggPlant,young,yes,0.000000,203.576004,0.000000
EggPlant,young,yes,0.000000,203.320999,12.252930
EggPlant,young,yes,0.000000,203.065002,3.012451
EggPlant,young,yes,0.000000,202.809998,11.372070
EggPlant,young,yes,0.000000,202.554001,8.891602
EggPlant,young,yes,0.000000,202.298996,3.011230
EggPlant,young,yes,0.000000,202.042999,19.930664
EggPlant,young,yes,0.000000,201.787994,5.730225
EggPlant,young,yes,0.000000,201.531998,18.369873
EggPlant,young,yes,0.000000,201.276993,0.000000
EggPlant,young,yes,0.000000,201.020996,10.688965
EggPlant,young,yes,0.000000,200.766006,5.288330
EggPlant,young,yes,0.000000,200.511002,4.687988
EggPlant,young,yes,0.000000,200.255005,3.567627
EggPlant,young,yes,0.000000,200.000000,10.247314
EggPlant,young,yes,0.000000,199.744003,6.046631
EggPlant,young,yes,0.000000,199.488998,12.326172
EggPlant,young,yes,0.000000,199.233002,5.085938
EggPlant,young,yes,0.000000,198.977997,3.885498
EggPlant,young,yes,0.000000,198.722000,11.885010
EggPlant,young,yes,0.000000,198.466995,6.364502
EggPlant,young,yes,0.000000,198.210999,10.484131
EggPlant,young,yes,0.000000,197.955994,2.123779
EggPlant,young,yes,0.000000,197.699997,11.203369
EggPlant,young,yes,0.000000,197.445007,6.162842
EggPlant,young,yes,0.000000,197.188995,11.762207
EggPlant,young,yes,0.000000,196.934006,3.441895
EggPlant,young,yes,0.000000,196.677994,3.721680
EggPlant,young,yes,0.000000,196.423004,0.000000
EggPlant,young,yes,0.000000,196.167007,0.000000
EggPlant,young,yes,0.000000,195.912003,6.640137
EggPlant,young,yes,0.000000,195.656006,9.559570
EggPlant,young,yes,0.000000,195.401001,10.759277
EggPlant,young,yes,0.000000,195.145004,0.438965
EggPlant,young,yes,0.000000,194.889999,1.198486
EggPlant,young,yes,0.000000,194.634995,9.718018
EggPlant,young,yes,0.000000,194.378998,0.000000
EggPlant,young,yes,0.000000,194.123993,0.477295
EggPlant,young,yes,0.000000,193.867996,9.516602
EggPlant,young,yes,0.000000,193.613007,13.116211
EggPlant,young,yes,0.000000,193.356995,8.915771
EggPlant,young,yes,0.000000,193.102005,1.355225
EggPlant,young,yes,0.000000,192.845993,11.435059
EggPlant,young,yes,0.000000,192.591003,5.154541
EggPlant,young,yes,0.000000,192.335007,0.000000
EggPlant,young,yes,0.000000,192.080002,0.000000
EggPlant,young,yes,0.000000,191.824005,0.000000
EggPlant,young,yes,0.000000,191.569000,0.552734
EggPlant,young,yes,0.000000,191.313004,2.472412
EggPlant,young,yes,0.000000,191.057999,1.231934
EggPlant,young,yes,0.000000,190.802002,0.000000
EggPlant,young,yes,0.000000,190.546997,0.000000
EggPlant,young,yes,0.000000,190.291000,0.000000
EggPlant,young,yes,0.000000,190.035995,5.430176
EggPlant,young,yes,0.000000,189.779999,0.000000
EggPlant,young,yes,0.000000,189.524994,1.269043
EggPlant,young,yes,0.000000,189.268997,4.428711
EggPlant,young,yes,0.000000,189.014008,0.000000
EggPlant,young,yes,0.000000,188.759003,0.000000
EggPlant,young,yes,0.000000,188.503006,0.000000
EggPlant,young,yes,0.000000,188.248001,10.586914
EggPlant,young,yes,0.000000,187.992004,0.000000
EggPlant,young,yes,0.000000,187.737000,11.986328
EggPlant,young,yes,0.000000,187.481003,7.225830
EggPlant,young,yes,0.000000,187.225998,8.265137
EggPlant,young,yes,0.000000,186.970001,10.344727
EggPlant,young,yes,0.000000,186.714996,0.000000
EggPlant,young,yes,0.000000,186.459000,7.624023
EggPlant,young,yes,0.000000,186.203995,0.000000
EggPlant,young,yes,0.000000,185.947998,8.022949
EggPlant,young,yes,0.000000,185.692993,0.000000
EggPlant,young,yes,0.000000,185.436996,5.302002
EggPlant,young,yes,0.000000,185.182007,12.821777
EggPlant,young,yes,0.000000,184.925995,0.000000
EggPlant,young,yes,0.000000,184.671005,2.740723
EggPlant,young,yes,0.000000,184.414993,0.860352
EggPlant,young,yes,0.000000,184.160004,0.379883
EggPlant,young,yes,0.000000,183.904007,0.459717
EggPlant,young,yes,0.000000,183.649002,3.419189
EggPlant,young,yes,0.000000,183.393005,9.378662
EggPlant,young,yes,0.000000,183.138000,7.418213
EggPlant,young,yes,0.000000,182.882996,6.177734
EggPlant,young,yes,0.000000,182.626999,0.000000
EggPlant,young,yes,0.000000,182.371994,1.177002
EggPlant,young,yes,0.000000,182.115997,1.016357
EggPlant,young,yes,0.000000,181.860992,7.535889
EggPlant,young,yes,0.000000,181.604996,6.335449
EggPlant,young,yes,0.000000,181.350006,3.695312
EggPlant,young,yes,0.000000,181.093994,4.854736
EggPlant,young,yes,0.000000,180.839005,8.614258
EggPlant,young,yes,0.000000,180.582993,7.773682
EggPlant,young,yes,0.000000,180.328003,4.933350
EggPlant,young,yes,0.000000,180.072006,0.933105
EggPlant,young,yes,0.000000,179.817001,13.692627
EggPlant,young,yes,0.000000,179.561005,11.692139
EggPlant,young,yes,0.000000,179.306000,1.971680
EggPlant,young,yes,0.000000,179.050003,1.371094
EggPlant,young,yes,0.000000,178.794998,0.000000
EggPlant,young,yes,0.000000,178.539001,0.000000
EggPlant,young,yes,0.000000,178.283997,6.449951
EggPlant,young,yes,0.000000,178.028000,0.000000
EggPlant,young,yes,0.000000,177.772995,0.328857
EggPlant,young,yes,0.000000,177.516998,4.688721
EggPlant,young,yes,0.000000,177.261993,3.408203
EggPlant,young,yes,0.000000,177.007004,11.887695
EggPlant,young,yes,0.000000,176.751007,0.000000
EggPlant,young,yes,0.000000,176.496002,0.000000
EggPlant,young,yes,0.000000,0.000000,2.286377
EggPlant,young,yes,0.000000,0.000000,4.005859
EggPlant,young,yes,0.000000,0.000000,0.000000
EggPlant,young,yes,0.000000,0.000000,10.244873
EggPlant,young,yes,0.000000,0.000000,5.844727
EggPlant,young,yes,0.000000,0.000000,10.284180
EggPlant,young,yes,0.000000,0.000000,9.403809
EggPlant,young,yes,0.000000,0.000000,10.763184
EggPlant,young,yes,0.000000,0.000000,3.162842
EggPlant,young,yes,0.000000,0.000000,11.002441
EggPlant,young,yes,0.000000,0.000000,0.402100
EggPlant,young,yes,0.000000,0.000000,10.841553
EggPlant,young,yes,0.000000,0.000000,6.921143
EggPlant,young,yes,0.000000,0.000000,13.400635
EggPlant,young,yes,0.000000,0.000000,11.760254
EggPlant,young,yes,0.000000,0.000000,7.959961
EggPlant,young,yes,0.000000,0.000000,6.399414
EggPlant,young,yes,0.000000,0.000000,0.000000
EggPlant,young,yes,0.000000,0.000000,1.038330
EggPlant,young,yes,0.000000,0.000000,0.000000
EggPlant,young,yes,0.000000,0.000000,6.797607
EggPlant,young,yes,0.000000,0.000000,0.000000
EggPlant,young,yes,0.000000,0.000000,0.000000
EggPlant,young,yes,0.000000,0.000000,0.836182
EggPlant,young,yes,0.000000,0.000000,15.156006
EggPlant,young,yes,0.000000,0.000000,2.635498
EggPlant,young,yes,0.000000,0.000000,0.000000
EggPlant,young,yes,0.000000,0.000000,6.434570
EggPlant,young,yes,0.000000,0.000000,10.233887
EggPlant,young,yes,0.000000,0.000000,1.273682
EggPlant,young,yes,0.000000,0.000000,0.033203
EggPlant,young,yes,0.000000,0.000000,0.000000
EggPlant,young,yes,0.000000,0.000000,2.232178
EggPlant,young,yes,0.000000,0.000000,0.151855
EggPlant,young,yes,0.000000,0.000000,0.000000
EggPlant,young,yes,0.000000,0.000000,4.470947
EggPlant,young,yes,0.000000,0.000000,0.000000
EggPlant,young,yes,0.000000,0.000000,0.000000
EggPlant,young,yes,0.000000,0.000000,0.000000
EggPlant,young,yes,0.000000,0.000000,1.789307
EggPlant,young,yes,0.000000,0.000000,1.468750
